# Constructed from biom file
#OTU ID	051.1	030.1	026.1	043.1	039.1	007.1	021.1	052.1	014.1	040.1	047.1	035.1	011.1	028.1	033.1	044.1	034.1	029.1	057.1	037.1	050.1	024.1	046.1	023.1	038.1	055.1	041.1	027.1
k__Archaea;p__Euryarchaeota	0.000114142221208	0.000260010400416	0.0	9.74373964728e-05	0.0	0.000158277936056	0.0	0.0	0.0	0.0	0.0	0.0	0.0	0.0	0.0	9.91571641051e-05	0.0	0.00194779898714	5.59033989267e-05	0.0	0.0	0.0	0.0	0.0	0.0	0.0	0.000348432055749	0.0
k__Bacteria;p__Actinobacteria	0.193128638283	0.0958138325533	0.0313203684749	0.0739549839228	0.0133386821783	0.129787907566	0.00262777558796	0.257056173577	0.0235756385069	0.0378077373974	0.112370959553	0.216229004022	0.0398061613015	0.0864937790436	0.0289215686275	0.171641051066	0.0820557929128	0.293208674198	0.0915697674419	0.113728675873	0.010666005209	0.066882954829	0.270328652986	0.253882104628	0.118143459916	0.0972868217054	0.0133275261324	0.169104387898
k__Bacteria;p__Bacteroidetes	0.0382376441046	0.184737389496	0.000307062436029	0.0442365779986	0.191956674356	0.0457423235201	0.626461700171	0.0117679507217	0.0613130320891	0.0320437670965	0.0516161787104	0.105157321978	0.00830737279335	0.00899415380003	0.345833333333	0.035894893406	0.0898466951495	0.0115569406571	0.116614490161	0.143460601137	0.00396874612427	0.00836036935363	0.224039500077	0.12965475652	0.0352056962025	0.298546511628	0.430400696864	0.148066519736
k__Bacteria;p__Firmicutes	0.748316402237	0.709828393136	0.670522006141	0.863685082335	0.770033095978	0.81339031339	0.36237025358	0.730532315896	0.899066797642	0.926631496678	0.8038585209	0.668086113083	0.924541363794	0.902713236396	0.620955882353	0.499157164105	0.805353103795	0.434618880665	0.779516994633	0.736474411048	0.170159990078	0.923384077864	0.482641567659	0.611789537163	0.842695147679	0.563856589147	0.546515679443	0.640352634743
k__Bacteria;p__Fusobacteria	0.0	0.0	0.0	0.0	0.0	0.0	0.0	0.0	0.0	0.0	0.0	0.000118287201325	0.0	0.0	0.0	0.0	0.0	0.0	0.0	0.0	0.0133945181694	0.0	0.0	0.0	0.0	0.0	0.0	0.0
k__Bacteria;p__Proteobacteria	0.00502225773314	0.0016900676027	0.297850562948	0.0180259183475	0.0246715474877	0.0107628996518	0.00854027066089	0.000643559805093	0.0160445317616	0.00322391559203	0.0296158402437	0.0104092737166	0.0273451021115	0.00164892819667	0.00208333333333	0.293207734259	0.0227444081427	0.236203090508	0.00257155635063	0.00633631194151	0.79871015751	0.00137259795358	0.0222187933961	0.00452284034374	0.00395569620253	0.0403100775194	0.00940766550523	0.0424764576237
k__Bacteria;p__Synergistetes	0.0	0.0	0.0	0.0	0.0	0.000158277936056	0.0	0.0	0.0	0.0	0.0	0.0	0.0	0.0	0.0	0.0	0.0	0.0	0.0	0.0	0.00310058290959	0.0	0.0	0.0	0.0	0.0	0.0	0.0
k__Bacteria;p__TM7	0.0	0.0	0.0	0.0	0.0	0.0	0.0	0.0	0.0	0.0	0.0	0.0	0.0	0.0	0.0	0.0	0.0	0.0	0.0	0.0	0.0	0.0	0.0	0.000150761344791	0.0	0.0	0.0	0.0
k__Bacteria;p__Tenericutes	0.0151809154206	0.00767030681227	0.0	0.0	0.0	0.0	0.0	0.0	0.0	0.000293083235639	0.00253850059232	0.0	0.0	0.000149902563334	0.00220588235294	0.0	0.0	0.0224646149851	0.00967128801431	0.0	0.0	0.0	0.000771485881808	0.0	0.0	0.0	0.0	0.0