Taxon	SRR521207	SRR515153	SRR521174	SRR518987	SRR521180	SRR521181	SRR521183	SRR521188	SRR521191	SRR521194	SRR521211	SRR521212	SRR521213	SRR521214	SRR521235	SRR521190	SRR521196	SRR521177	SRR521198	SRR521185	SRR521225	SRR521215	SRR521221	SRR521242	SRR521203	SRR521219	SRR521197	SRR521227	SRR521247	SRR521172	SRR521173	SRR521232	SRR521220	SRR521259	SRR521244	SRR521176	SRR521195	SRR521209	SRR521192	SRR521189	SRR521175	SRR521200	SRR521251	SRR521253	SRR521216	SRR521230	SRR521234	SRR521236	SRR521239	SRR521241	SRR521243	SRR521249	SRR521258	SRR521264	SRR521265	SRR521222	SRR521182	SRR521187	SRR521205	SRR521226	SRR521250	SRR521199	SRR521233	SRR521245	SRR521179	SRR521237	SRR521204	SRR521184	SRR521255	SRR521178	SRR521186	SRR521252	SRR521217	SRR521246	SRR521193	SRR521202	SRR521224	SRR521257	SRR521208	SRR521223	SRR521256	SRR521231	SRR521248	SRR521240	SRR521238	SRR521260	SRR521262	SRR521229	SRR521254	SRR521261	SRR521201	SRR521206	SRR521263
k__Bacteria;p__Actinobacteria;c__Actinobacteria;o__Actinomycetales;f__;g__;s__	0.0	0.0	0.0	0.0	0.0	0.0	0.0	0.0	0.0	0.0	0.0	0.0	0.0	0.0	0.0	0.0	0.0	0.0	0.0	0.0	0.0	0.0	0.0	0.0	0.0	0.0	0.0	0.0	0.0	0.0	0.0	0.0	0.0	0.0	0.0	0.0	0.0	0.0	0.0	0.0	0.0	0.0	0.0	0.0	0.0	0.0	0.0	0.0	0.0	0.0	0.00125	0.0	0.0	0.0	0.0	0.0	0.0	0.0	0.0	0.0	0.0	0.0	0.0	0.0	0.0	0.0	0.0	0.0	0.0	0.0	0.0	0.0	0.0	0.0	0.0	0.0	0.0	0.0	0.0	0.0	0.0	0.0	0.0	0.0	0.0	0.0	0.0	0.0	0.0	0.0	0.0	0.0	0.0
k__Bacteria;p__Actinobacteria;c__Actinobacteria;o__Actinomycetales;f__Pseudonocardiaceae;g__;s__	0.0	0.0	0.0	0.0	0.0	0.0	0.0	0.0	0.0	0.0	0.0	0.0	0.0	0.0	0.0	0.0	0.0	0.0	0.0	0.0	0.0	0.0	0.0	0.0	0.0	0.0	0.0	0.0	0.0	0.0	0.0	0.0	0.0	0.0	0.0	0.0	0.0	0.0	0.0	0.0	0.0	0.0	0.0	0.0	0.0	0.0	0.0	0.0	0.0	0.0	0.0	0.00125	0.0	0.0	0.0	0.0	0.0	0.0	0.0	0.0	0.0	0.0	0.0	0.0	0.0	0.0	0.0	0.0	0.0	0.0	0.0	0.0	0.0	0.0	0.0	0.0	0.0	0.0	0.0	0.0	0.0	0.0	0.0	0.0	0.0	0.0	0.0	0.0	0.0	0.0	0.0	0.0	0.0
k__Bacteria;p__Actinobacteria;c__Actinobacteria;o__Bifidobacteriales;f__Bifidobacteriaceae;g__Bifidobacterium;s__	0.0	0.0	0.0	0.0	0.0	0.0	0.0	0.0	0.0	0.0	0.0	0.0	0.0	0.0	0.0	0.0	0.0	0.0	0.0	0.0	0.0	0.0	0.0	0.0	0.0	0.0	0.0	0.0	0.0	0.0	0.0	0.0	0.0	0.0	0.0	0.0	0.0	0.00125	0.0	0.0	0.0	0.0	0.0	0.0	0.0	0.0	0.0	0.0	0.0	0.0	0.0	0.0	0.0	0.0	0.0	0.0	0.0	0.0	0.0	0.0	0.0	0.0	0.0	0.0	0.0	0.0	0.0	0.0	0.0	0.0	0.0	0.0	0.0	0.0	0.0	0.0	0.0	0.0	0.0	0.0	0.0	0.0	0.0	0.0	0.0	0.0	0.0	0.0	0.0	0.0	0.0	0.0	0.0
k__Bacteria;p__Actinobacteria;c__Actinobacteria;o__Bifidobacteriales;f__Bifidobacteriaceae;g__Bifidobacterium;s__animalis	0.0	0.0	0.0	0.0	0.0	0.0	0.0	0.0	0.0	0.0	0.0	0.0	0.0	0.0	0.0	0.0	0.0	0.0	0.0	0.0	0.0	0.0	0.0	0.0	0.0	0.0	0.0	0.0	0.0	0.0	0.0	0.00125	0.0	0.0	0.0	0.0	0.0	0.0	0.0	0.0	0.0	0.0	0.0	0.0	0.00125	0.0	0.0	0.0	0.0	0.0	0.0	0.0	0.0	0.0	0.0	0.0	0.00125	0.0	0.0	0.0	0.0	0.0	0.0	0.0	0.0	0.0	0.0	0.0	0.0	0.0	0.0	0.0	0.0	0.0	0.0	0.0	0.0	0.0	0.0	0.0	0.0	0.0	0.0	0.0	0.0	0.0	0.00125	0.0	0.0	0.0	0.0	0.0	0.0
k__Bacteria;p__Actinobacteria;c__Actinobacteria;o__Bifidobacteriales;f__Bifidobacteriaceae;g__Bifidobacterium;s__pseudolongum	0.0	0.0	0.0	0.0	0.0	0.0	0.0	0.0	0.0	0.00125	0.0	0.0	0.0	0.0	0.0	0.0	0.0	0.0	0.0	0.0	0.0	0.0	0.0	0.0	0.0	0.0	0.0	0.0	0.0	0.0	0.0	0.0	0.0	0.0	0.0	0.00125	0.0	0.00125	0.0	0.0	0.0	0.0	0.0	0.0	0.0	0.0	0.0	0.0	0.0	0.0	0.0	0.0	0.0	0.0	0.0	0.0	0.00125	0.0	0.0	0.0	0.0	0.0	0.0	0.0	0.0	0.0	0.00125	0.0	0.0	0.0	0.0	0.0	0.0	0.0	0.00125	0.0	0.0	0.0	0.0	0.0	0.0	0.0	0.0	0.0	0.0	0.0	0.0	0.0	0.0	0.0	0.0	0.0	0.0
k__Bacteria;p__Actinobacteria;c__Coriobacteriia;o__Coriobacteriales;f__Coriobacteriaceae;g__;s__	0.0	0.0	0.0	0.0	0.0	0.0	0.0	0.0	0.0	0.0	0.0	0.0	0.0	0.0	0.0	0.0	0.0	0.0	0.0	0.0	0.0	0.0	0.0	0.0	0.0	0.0	0.0	0.0	0.00125	0.0	0.0	0.0	0.0	0.0	0.0	0.0	0.0	0.0	0.0	0.0	0.0	0.0	0.0	0.0	0.0	0.0	0.0	0.00125	0.0	0.00375	0.00125	0.00125	0.0	0.0	0.00125	0.0	0.0	0.0	0.0	0.0	0.0	0.0	0.00125	0.0	0.0	0.0	0.00125	0.00125	0.00125	0.0	0.0	0.0025	0.0	0.0	0.0	0.0	0.0	0.00125	0.0	0.0	0.0	0.00125	0.00125	0.0	0.00375	0.00125	0.0	0.0	0.00125	0.0	0.0	0.0	0.0
k__Bacteria;p__Actinobacteria;c__Coriobacteriia;o__Coriobacteriales;f__Coriobacteriaceae;g__Adlercreutzia;s__	0.00125	0.0	0.0	0.0	0.0	0.0	0.0	0.0	0.00125	0.0	0.0	0.0	0.0	0.00125	0.005	0.0	0.00125	0.0	0.0	0.0	0.00125	0.00125	0.0	0.00125	0.0	0.0	0.0	0.0025	0.00375	0.0	0.0	0.0	0.0	0.0	0.0	0.0	0.0	0.0025	0.0	0.0	0.0	0.0	0.00875	0.00125	0.00125	0.0075	0.00125	0.0	0.00125	0.0	0.00125	0.0	0.00125	0.005	0.0	0.0	0.0	0.0	0.0	0.0	0.0	0.0	0.00375	0.0025	0.0	0.00125	0.0025	0.00125	0.0025	0.0	0.0	0.00875	0.0	0.0025	0.0	0.0	0.00125	0.005	0.00125	0.0	0.00875	0.0	0.0025	0.0	0.00125	0.0	0.00125	0.0	0.01125	0.0	0.0	0.0	0.0
k__Bacteria;p__Bacteroidetes;c__Bacteroidia;o__Bacteroidales;f__Bacteroidaceae;g__BF311;s__	0.0	0.0	0.0	0.0	0.0	0.0	0.0	0.0	0.0	0.0	0.0	0.0	0.0	0.0	0.0	0.0	0.0	0.0	0.0	0.0	0.0	0.0	0.0	0.0	0.0	0.0	0.0	0.0	0.0	0.0	0.0	0.0	0.0	0.0	0.0	0.0	0.0	0.0	0.0	0.0	0.0	0.0	0.0	0.0	0.0	0.0	0.0	0.0	0.0	0.0	0.0	0.0	0.0	0.0	0.0	0.0	0.0	0.0	0.0	0.0	0.0	0.0	0.0	0.0	0.0	0.0	0.0	0.0	0.0	0.0	0.0	0.0	0.0	0.0	0.0	0.0	0.0	0.0	0.0	0.0	0.0	0.0	0.0	0.0	0.0	0.0	0.00125	0.0	0.0	0.0	0.0	0.0	0.0
k__Bacteria;p__Bacteroidetes;c__Bacteroidia;o__Bacteroidales;f__Bacteroidaceae;g__Bacteroides;s__	0.00625	0.00875	0.00875	0.00375	0.01375	0.03875	0.00625	0.01375	0.005	0.00875	0.0125	0.0	0.0	0.0	0.0	0.0025	0.0075	0.00625	0.00625	0.0125	0.01625	0.015	0.0125	0.00125	0.00125	0.0	0.00625	0.00875	0.00625	0.005	0.00875	0.015	0.0	0.01	0.00875	0.01	0.00375	0.00875	0.03625	0.0025	0.00125	0.00875	0.00125	0.00625	0.01	0.00125	0.0	0.005	0.00125	0.01625	0.005	0.00875	0.0375	0.01125	0.02125	0.0	0.00125	0.0	0.00875	0.00875	0.00875	0.00375	0.00375	0.0	0.0125	0.00625	0.005	0.0225	0.0	0.00375	0.035	0.0	0.0375	0.0	0.0225	0.02375	0.00875	0.005	0.01625	0.005	0.0	0.00625	0.02125	0.01	0.01625	0.01125	0.0	0.00125	0.02625	0.0075	0.015	0.02625	0.0025
k__Bacteria;p__Bacteroidetes;c__Bacteroidia;o__Bacteroidales;f__Bacteroidaceae;g__Bacteroides;s__acidifaciens	0.00375	0.0075	0.015	0.0175	0.01	0.015	0.00875	0.01	0.00625	0.00625	0.0225	0.0125	0.0	0.00125	0.0	0.00875	0.01	0.0175	0.00875	0.00625	0.0125	0.02125	0.02125	0.00875	0.0125	0.01375	0.0075	0.005	0.0	0.0025	0.00625	0.03125	0.0	0.025	0.02375	0.00875	0.01	0.015	0.01125	0.00375	0.0125	0.00625	0.045	0.015	0.01	0.005	0.0	0.00125	0.01625	0.005	0.0125	0.00625	0.0275	0.0025	0.0175	0.0	0.01375	0.0	0.0075	0.005	0.015	0.01	0.0125	0.03875	0.0075	0.00375	0.00625	0.01875	0.00375	0.025	0.01375	0.0	0.04375	0.0	0.0225	0.015	0.0125	0.01125	0.01	0.005	0.0275	0.02125	0.015	0.025	0.01125	0.02625	0.00875	0.00375	0.0325	0.0075	0.00875	0.0025	0.0075
k__Bacteria;p__Bacteroidetes;c__Bacteroidia;o__Bacteroidales;f__Bacteroidaceae;g__Bacteroides;s__fragilis	0.0	0.0	0.0	0.0	0.0	0.0	0.0	0.0	0.0	0.0	0.0	0.0	0.0	0.0	0.0	0.0	0.0	0.0	0.0	0.0	0.0	0.0	0.0	0.0	0.0	0.0	0.0	0.0	0.0	0.0	0.0	0.0	0.0	0.0	0.0	0.0	0.0	0.0	0.0	0.0	0.0	0.0	0.0	0.0	0.0	0.0	0.0	0.0	0.0	0.00125	0.00125	0.0	0.0	0.0	0.0	0.0	0.0	0.0	0.0	0.0	0.0	0.0	0.0	0.0	0.0	0.0	0.0	0.0	0.0	0.0	0.0	0.0	0.0	0.0	0.0	0.0	0.0	0.0	0.0	0.0	0.0	0.0	0.0	0.0	0.0	0.0	0.0	0.0	0.0	0.0	0.0	0.0	0.0
k__Bacteria;p__Bacteroidetes;c__Bacteroidia;o__Bacteroidales;f__Bacteroidaceae;g__Bacteroides;s__plebeius	0.0	0.0	0.0	0.0	0.0	0.0	0.0	0.0	0.0	0.0	0.0	0.0	0.0	0.0	0.0	0.0	0.0	0.0	0.0	0.0	0.0	0.0	0.0	0.0	0.0	0.0	0.0	0.0	0.0	0.0	0.0	0.0	0.0	0.0	0.0	0.0	0.0	0.0	0.0	0.0	0.0	0.0	0.0	0.0	0.0	0.0	0.0	0.0	0.0	0.0	0.0	0.0	0.0	0.0	0.0	0.0	0.0	0.0	0.0	0.0	0.0	0.0	0.0	0.0	0.0	0.0	0.0	0.00125	0.0	0.0	0.0	0.0	0.0	0.0	0.0	0.0	0.0	0.0	0.0	0.0	0.0	0.0	0.0	0.0	0.0	0.0	0.0	0.0	0.0	0.0	0.0	0.0	0.0
k__Bacteria;p__Bacteroidetes;c__Bacteroidia;o__Bacteroidales;f__Porphyromonadaceae;g__Dysgonomonas;s__	0.0	0.0	0.0	0.0	0.00125	0.0	0.0	0.0	0.0	0.0	0.0	0.0	0.0	0.0	0.0	0.0	0.0	0.0	0.0	0.0	0.0	0.0	0.0	0.0	0.0	0.0	0.0	0.0	0.0	0.0	0.0	0.0	0.0	0.0	0.0	0.0	0.0	0.0	0.0	0.0	0.00125	0.0	0.0	0.0	0.0	0.0	0.0	0.0	0.0	0.0	0.0	0.0	0.0	0.0	0.0	0.00125	0.0	0.0	0.0	0.0	0.0	0.0	0.0	0.0	0.0	0.0	0.0	0.0	0.0	0.0	0.0	0.0	0.0	0.0	0.0	0.0	0.0	0.0	0.0	0.0	0.0	0.0	0.0	0.0	0.0	0.0	0.0	0.0	0.0	0.0	0.0	0.0	0.0
k__Bacteria;p__Bacteroidetes;c__Bacteroidia;o__Bacteroidales;f__Porphyromonadaceae;g__Parabacteroides;s__	0.0	0.0	0.0	0.0	0.0	0.0	0.0	0.0	0.0	0.0	0.0	0.0	0.0	0.0	0.0	0.0	0.0	0.0	0.0	0.0	0.0	0.0	0.0	0.0	0.0	0.0	0.0	0.0	0.0	0.00125	0.0	0.0	0.0	0.0	0.0	0.0	0.0	0.0	0.0	0.0	0.0	0.0	0.0	0.0	0.0	0.0	0.0	0.00125	0.0	0.0	0.0	0.0	0.0	0.0	0.0	0.0	0.0	0.0	0.0	0.0	0.0	0.0	0.0	0.0	0.0	0.0	0.0	0.0	0.0	0.0	0.0	0.0	0.00125	0.0	0.0	0.0	0.0	0.0	0.0	0.0	0.0	0.0	0.0	0.0	0.0	0.0	0.0	0.0	0.0	0.0	0.0	0.0	0.0
k__Bacteria;p__Bacteroidetes;c__Bacteroidia;o__Bacteroidales;f__Porphyromonadaceae;g__Parabacteroides;s__distasonis	0.0	0.0	0.0	0.0	0.0	0.0	0.0	0.0025	0.0	0.0	0.0	0.0	0.0	0.0	0.0	0.0	0.0	0.0	0.0	0.0	0.0	0.0	0.0	0.0	0.0	0.0	0.0	0.0	0.00125	0.0	0.0	0.0	0.0	0.0	0.0	0.0	0.0	0.0	0.0	0.0	0.0	0.0	0.0	0.0	0.0	0.0	0.0	0.00125	0.0	0.00125	0.0	0.0	0.0	0.0	0.0	0.0	0.0	0.0	0.0	0.0	0.0	0.0	0.0	0.0	0.0	0.0	0.0	0.0	0.0	0.0	0.0	0.0	0.0	0.0	0.0	0.0	0.0	0.0	0.0	0.0	0.0	0.0	0.0	0.0	0.0	0.0	0.0	0.0	0.0	0.0	0.0	0.0	0.0
k__Bacteria;p__Bacteroidetes;c__Bacteroidia;o__Bacteroidales;f__Porphyromonadaceae;g__Parabacteroides;s__gordonii	0.0	0.0	0.00625	0.0	0.0	0.0	0.00125	0.0	0.0	0.0	0.0	0.0	0.0	0.0	0.0	0.0	0.0	0.0	0.0	0.0	0.0	0.0	0.0	0.0	0.0	0.0	0.0025	0.0	0.005	0.0	0.0	0.0	0.0	0.0	0.0	0.0	0.0	0.0	0.0	0.0	0.0	0.005	0.0	0.0	0.0	0.0	0.0	0.0	0.0	0.0	0.0	0.0	0.0	0.0025	0.0	0.0	0.0	0.0	0.0	0.0	0.0	0.0	0.0	0.0	0.0	0.00875	0.0	0.0	0.0	0.0	0.0	0.0	0.0	0.0	0.0	0.0	0.0	0.0	0.0	0.0	0.0	0.0	0.0	0.0	0.0	0.0	0.0	0.0	0.0	0.0	0.0	0.0	0.0
k__Bacteria;p__Bacteroidetes;c__Bacteroidia;o__Bacteroidales;f__Porphyromonadaceae;g__Tannerella;s__	0.0	0.0	0.0	0.0	0.0	0.0	0.0	0.0	0.0	0.0	0.0	0.0	0.0	0.0	0.0	0.0	0.0	0.0	0.0	0.0	0.0	0.0	0.0	0.0	0.0	0.0	0.0	0.0	0.0	0.0	0.0	0.0	0.0	0.0	0.0	0.0	0.0	0.0	0.0	0.0	0.0	0.0	0.0	0.0	0.0	0.0	0.0	0.0	0.0	0.0	0.0	0.0	0.0	0.0	0.0	0.0	0.0	0.0	0.0	0.0	0.0	0.0	0.0	0.0	0.0	0.0	0.0	0.0	0.0	0.0	0.0	0.0	0.0	0.0	0.0	0.0	0.0	0.0	0.0	0.00125	0.0	0.0	0.0	0.0	0.0	0.0	0.0	0.0	0.0	0.0	0.0	0.0	0.0
k__Bacteria;p__Bacteroidetes;c__Bacteroidia;o__Bacteroidales;f__Prevotellaceae;g__Prevotella;s__	0.00375	0.0	0.015	0.0	0.00625	0.015	0.01625	0.02125	0.0	0.0	0.0125	0.0	0.0	0.0	0.0	0.02	0.0125	0.01375	0.00875	0.0	0.0075	0.005	0.01625	0.00125	0.0	0.0	0.01	0.00375	0.0	0.0	0.0	0.0	0.0	0.0025	0.00125	0.01375	0.00375	0.0	0.02375	0.01875	0.00625	0.02375	0.0	0.0	0.0	0.0	0.0	0.0	0.0	0.0	0.00125	0.0	0.00125	0.0	0.01	0.0	0.0075	0.0	0.0025	0.0025	0.00625	0.00625	0.0	0.0	0.0	0.0	0.0	0.00625	0.0	0.02125	0.0	0.0	0.0	0.0	0.0	0.0	0.0	0.0	0.0	0.0	0.00125	0.0	0.00125	0.00125	0.0	0.0	0.0	0.00125	0.00625	0.0	0.0	0.0	0.00125
k__Bacteria;p__Bacteroidetes;c__Bacteroidia;o__Bacteroidales;f__Rikenellaceae;g__;s__	0.02125	0.00625	0.0125	0.015	0.01375	0.0275	0.00625	0.00875	0.015	0.0025	0.02125	0.015	0.0	0.0	0.0	0.00375	0.00625	0.005	0.01125	0.02125	0.0325	0.04	0.02625	0.00625	0.01375	0.01625	0.0075	0.0175	0.01	0.015	0.0225	0.0075	0.0	0.0025	0.0	0.01625	0.00375	0.00625	0.01125	0.02125	0.00375	0.0125	0.00375	0.01	0.03375	0.01125	0.0	0.0	0.025	0.02125	0.00625	0.01375	0.01625	0.00875	0.00375	0.0	0.015	0.0	0.01125	0.015	0.01625	0.03125	0.0175	0.0025	0.01125	0.025	0.0	0.00375	0.00375	0.015	0.0225	0.0	0.0	0.0	0.01125	0.02375	0.0075	0.05	0.0075	0.00125	0.00625	0.005	0.005	0.00125	0.00375	0.03	0.015	0.0125	0.02375	0.01125	0.00625	0.0325	0.01125
k__Bacteria;p__Bacteroidetes;c__Bacteroidia;o__Bacteroidales;f__Rikenellaceae;g__AF12;s__	0.0	0.0	0.0	0.0	0.0	0.0	0.0	0.0	0.0	0.0	0.0	0.0	0.0	0.0	0.0	0.0	0.0	0.0	0.0	0.0	0.00125	0.0	0.0	0.0	0.0	0.0	0.0	0.0	0.0	0.0	0.0	0.0	0.0	0.0	0.0	0.0	0.0	0.0	0.0	0.0	0.0	0.0	0.0	0.0	0.0	0.0	0.0	0.0	0.0	0.0	0.0	0.0	0.0	0.0	0.0	0.0	0.0	0.0	0.0	0.0	0.0	0.0	0.0	0.0	0.0	0.0	0.0	0.0	0.0	0.0	0.0	0.0	0.0	0.0	0.0	0.0	0.0	0.0	0.0	0.0	0.0	0.0	0.0	0.0	0.0	0.0	0.0	0.0	0.0	0.0	0.0	0.0	0.0
k__Bacteria;p__Bacteroidetes;c__Bacteroidia;o__Bacteroidales;f__S24-7;g__;s__	0.405	0.68875	0.69	0.66125	0.5475	0.275	0.64875	0.5775	0.4725	0.68875	0.56875	0.59375	0.4475	0.6875	0.66625	0.58875	0.58	0.6675	0.5725	0.6375	0.4475	0.42125	0.48125	0.735	0.64	0.5525	0.5725	0.41625	0.8475	0.63375	0.52125	0.82375	0.50875	0.9175	0.91125	0.485	0.5775	0.8825	0.7375	0.45125	0.57375	0.62375	0.83	0.8525	0.79125	0.45875	0.97125	0.85875	0.85625	0.80875	0.845	0.56	0.86375	0.72125	0.87625	0.615	0.59875	0.765	0.45375	0.475	0.68375	0.58	0.53125	0.79625	0.745	0.87	0.93125	0.7025	0.76375	0.64625	0.64375	0.61	0.89	0.8525	0.56625	0.89625	0.93875	0.77625	0.87375	0.905	0.83375	0.93375	0.92	0.94125	0.94	0.88375	0.895	0.93875	0.65375	0.90875	0.94875	0.89625	0.74625
k__Bacteria;p__Bacteroidetes;c__Bacteroidia;o__Bacteroidales;f__[Barnesiellaceae];g__;s__	0.0	0.0	0.0	0.0	0.0	0.0	0.0	0.0	0.0	0.0	0.0	0.0	0.0	0.0	0.0	0.0	0.0	0.0	0.0	0.0	0.0	0.0	0.0	0.0	0.0	0.0	0.0	0.0	0.0	0.0	0.0	0.0	0.0	0.00125	0.0	0.0	0.0	0.0	0.0	0.0	0.0	0.0	0.0	0.0	0.0	0.0	0.0	0.0	0.0	0.0	0.0	0.0	0.0	0.0	0.0	0.0	0.0	0.0	0.0	0.0	0.0	0.0	0.0	0.0	0.0	0.0	0.0	0.0	0.0	0.0	0.0	0.0	0.0	0.0	0.0	0.0	0.0	0.0	0.0	0.0	0.0	0.0	0.0	0.0	0.0	0.0	0.0	0.0	0.0	0.0	0.0	0.0	0.0
k__Bacteria;p__Bacteroidetes;c__Bacteroidia;o__Bacteroidales;f__[Odoribacteraceae];g__Odoribacter;s__	0.01125	0.005	0.0075	0.01125	0.0	0.0	0.00875	0.005	0.0	0.00625	0.0125	0.0	0.00125	0.00125	0.0	0.0	0.0	0.0	0.0	0.0	0.01625	0.01875	0.0125	0.025	0.0	0.0	0.00625	0.01875	0.00625	0.00125	0.0	0.03625	0.00125	0.0	0.0125	0.01625	0.01	0.0025	0.0	0.0	0.005	0.00125	0.00125	0.01125	0.02	0.01625	0.0	0.00125	0.02125	0.0225	0.01375	0.0575	0.0	0.01	0.0125	0.00125	0.005	0.0	0.00625	0.00375	0.0075	0.015	0.01125	0.0	0.0	0.01125	0.0075	0.00125	0.0	0.0	0.0	0.0	0.0	0.0	0.0075	0.0	0.0	0.0	0.005	0.01125	0.00125	0.01125	0.0	0.0	0.00125	0.0125	0.02	0.0025	0.0	0.0225	0.0	0.0	0.0
k__Bacteria;p__Bacteroidetes;c__Bacteroidia;o__Bacteroidales;f__[Paraprevotellaceae];g__;s__	0.0	0.0	0.0	0.0	0.0	0.0	0.0	0.0	0.0	0.0	0.0	0.0	0.0	0.0	0.0	0.0	0.0	0.0	0.0	0.0	0.0	0.0	0.0	0.0	0.0	0.0	0.0	0.0	0.0	0.0	0.0	0.0	0.0	0.0	0.0	0.0	0.0	0.0	0.0	0.0	0.0	0.0	0.0	0.0	0.0	0.0	0.0	0.0	0.0	0.0	0.0	0.0	0.0	0.0	0.0	0.0	0.0	0.0	0.0	0.0	0.0	0.0	0.0	0.0	0.0	0.0	0.0	0.0	0.0	0.0	0.0	0.0	0.0	0.0	0.0	0.0	0.00125	0.0	0.0	0.0	0.0	0.0	0.0	0.0	0.0	0.0	0.0	0.0	0.0	0.0	0.0	0.0	0.0
k__Bacteria;p__Bacteroidetes;c__Bacteroidia;o__Bacteroidales;f__[Paraprevotellaceae];g__[Prevotella];s__	0.01375	0.03625	0.02875	0.03875	0.0075	0.00875	0.01875	0.0275	0.06	0.04875	0.0	0.0125	0.0	0.0	0.0	0.01125	0.0125	0.02375	0.0075	0.01125	0.0	0.0	0.0	0.0	0.01375	0.01625	0.02	0.01375	0.00125	0.01375	0.02875	0.0	0.0	0.005	0.00375	0.01375	0.00875	0.00125	0.025	0.00875	0.01	0.02625	0.0	0.00625	0.00125	0.0075	0.0	0.0025	0.00375	0.00125	0.0225	0.0	0.00125	0.00125	0.0	0.00125	0.00875	0.0	0.005	0.02	0.04875	0.01375	0.0	0.0	0.04375	0.00125	0.00125	0.01875	0.00125	0.02125	0.02	0.0	0.01125	0.0	0.0525	0.005	0.00125	0.0	0.00125	0.005	0.00375	0.00125	0.00125	0.0125	0.00125	0.005	0.00125	0.00375	0.00125	0.00375	0.0025	0.0025	0.00125
k__Bacteria;p__Bacteroidetes;c__Flavobacteriia;o__Flavobacteriales;f__[Weeksellaceae];g__Cloacibacterium;s__	0.0	0.0	0.0	0.0	0.0	0.0	0.0	0.0	0.0	0.0	0.0	0.0	0.0	0.0	0.0	0.0	0.0	0.0	0.0	0.0	0.0	0.0	0.0	0.0	0.0	0.0	0.0	0.0	0.0	0.0	0.0	0.0	0.0	0.0	0.0	0.0	0.0	0.0	0.0	0.0	0.0	0.0	0.0	0.0	0.0	0.0	0.0	0.0	0.0	0.0	0.0	0.0	0.0	0.00125	0.0	0.0	0.0	0.0	0.0	0.0	0.0	0.0	0.0	0.0	0.0	0.0	0.0	0.0	0.0	0.0	0.0	0.0	0.0	0.0	0.0	0.0	0.0	0.0	0.0	0.0	0.0	0.0	0.0	0.0	0.0	0.0	0.0	0.0	0.0	0.0	0.0	0.0	0.0
k__Bacteria;p__Cyanobacteria;c__4C0d-2;o__YS2;f__;g__;s__	0.0	0.0	0.0	0.0	0.0	0.0	0.0	0.0	0.00125	0.0	0.0	0.0	0.0	0.0	0.0	0.00125	0.0	0.0	0.00125	0.0	0.0	0.0	0.0	0.0	0.0	0.0	0.0	0.0	0.0	0.0	0.0	0.0	0.0	0.0	0.0	0.0	0.0	0.0	0.0	0.0	0.0	0.0	0.0	0.0	0.0	0.0	0.0	0.0	0.0	0.0	0.0	0.0	0.0	0.0	0.0	0.0	0.0	0.0	0.0	0.0	0.0	0.0	0.0	0.0	0.0	0.0	0.0	0.0	0.0	0.0	0.0	0.0	0.0	0.0	0.0	0.0	0.0	0.0	0.0	0.0	0.0	0.0	0.0	0.0	0.0	0.0	0.0	0.0	0.0	0.0	0.0	0.0	0.0
k__Bacteria;p__Cyanobacteria;c__Chloroplast;o__Streptophyta;f__;g__;s__	0.00125	0.0	0.0	0.0	0.0	0.0	0.0	0.0	0.0	0.0	0.0	0.0	0.0	0.0	0.0	0.0	0.0	0.0	0.0	0.0	0.0	0.0	0.0	0.0	0.0	0.0	0.0	0.0	0.0	0.0	0.00125	0.0	0.0	0.0	0.0	0.00125	0.0	0.0	0.0	0.0	0.0	0.0	0.0	0.0	0.00125	0.0	0.0	0.0	0.0	0.00125	0.0	0.00125	0.0	0.0	0.0	0.0	0.0	0.0	0.0	0.0	0.0	0.0	0.00125	0.00375	0.0	0.0	0.0	0.0	0.0	0.0	0.0	0.0025	0.0	0.0	0.0	0.0	0.0	0.0	0.0	0.0	0.0	0.0	0.0	0.0	0.0	0.0	0.0	0.0	0.0	0.0	0.0	0.0	0.00125
k__Bacteria;p__Firmicutes;c__Bacilli;o__Bacillales;f__Staphylococcaceae;g__Staphylococcus;s__	0.0	0.0	0.0	0.0	0.0	0.00125	0.0	0.0	0.0	0.0	0.0	0.0	0.0	0.0	0.0025	0.0	0.0	0.0	0.0	0.0	0.0	0.00125	0.0	0.0025	0.0	0.0	0.0	0.0	0.0025	0.0	0.0	0.005	0.0	0.0	0.0	0.0	0.0	0.0	0.0	0.0	0.0	0.0	0.02875	0.00375	0.0	0.00125	0.00125	0.0	0.01125	0.0	0.0025	0.00375	0.0	0.00125	0.0025	0.0	0.0	0.0	0.0	0.0	0.0	0.0	0.0	0.0	0.0	0.0	0.0	0.0	0.0	0.0	0.0	0.0	0.0	0.0	0.0	0.0	0.0	0.0	0.0	0.0	0.0	0.0	0.0	0.0	0.0	0.0	0.0	0.0	0.0	0.0	0.0	0.0	0.0
k__Bacteria;p__Firmicutes;c__Bacilli;o__Bacillales;f__Staphylococcaceae;g__Staphylococcus;s__epidermidis	0.0	0.0	0.0	0.0	0.0	0.0	0.0	0.0	0.0	0.0	0.0	0.0	0.0	0.0	0.0	0.0	0.0	0.0	0.0	0.0	0.0	0.0	0.0	0.0	0.0	0.0	0.0	0.0	0.0	0.0	0.0	0.0	0.0	0.0	0.0	0.0	0.0	0.0	0.0	0.0	0.0	0.0	0.0	0.0	0.0	0.0	0.0	0.0	0.00125	0.0	0.0	0.00375	0.0	0.0	0.0	0.0	0.0	0.0	0.0	0.0	0.0	0.0	0.0	0.0	0.0	0.0	0.0	0.0	0.0	0.0	0.0	0.0	0.0	0.0	0.0	0.0	0.0	0.0	0.0	0.0	0.0	0.0	0.00125	0.0	0.0	0.0	0.0	0.0	0.0	0.0	0.0	0.0	0.0
k__Bacteria;p__Firmicutes;c__Bacilli;o__Lactobacillales;f__Lactobacillaceae;g__Lactobacillus;s__	0.0	0.0	0.0	0.0	0.0	0.0	0.0	0.0	0.0	0.0	0.0	0.0	0.0	0.0	0.00375	0.0	0.0	0.00125	0.0	0.0	0.0	0.0	0.0	0.0	0.0	0.0	0.0	0.0	0.0125	0.0	0.0	0.03625	0.0	0.00125	0.01	0.0	0.00125	0.0	0.0	0.0	0.0	0.0	0.0225	0.00375	0.00125	0.00625	0.0	0.0025	0.00125	0.01125	0.00125	0.005	0.0	0.03125	0.01375	0.0	0.0	0.0	0.0	0.0	0.0	0.0	0.03	0.0	0.0	0.00875	0.00125	0.0	0.00125	0.00125	0.0	0.0	0.01125	0.0	0.0	0.0025	0.00375	0.02875	0.00125	0.0	0.0025	0.0025	0.00375	0.0	0.0	0.00375	0.00875	0.0	0.03625	0.00125	0.00125	0.0	0.0
k__Bacteria;p__Firmicutes;c__Bacilli;o__Lactobacillales;f__Leuconostocaceae;g__;s__	0.0	0.0	0.0	0.0	0.0	0.0	0.0	0.0	0.0	0.0	0.00125	0.0	0.0	0.0	0.0	0.0	0.0	0.0	0.0	0.0	0.0	0.0	0.0	0.0	0.0	0.0	0.0	0.0	0.00125	0.0	0.0	0.00125	0.0	0.0	0.0	0.0	0.0	0.0	0.0	0.0	0.0	0.0	0.00125	0.0	0.0	0.0	0.0	0.0	0.0	0.0	0.0	0.0	0.0	0.0	0.0	0.0	0.0	0.0	0.0	0.0	0.0	0.0	0.0	0.0	0.0	0.0	0.0	0.0	0.0	0.0	0.0	0.0	0.0	0.0	0.0	0.0	0.0	0.00125	0.0	0.0	0.0	0.0	0.0	0.0	0.0	0.0	0.0	0.0	0.0	0.0	0.0	0.0	0.0
k__Bacteria;p__Firmicutes;c__Bacilli;o__Lactobacillales;f__Streptococcaceae;g__Lactococcus;s__	0.0	0.0	0.0	0.00125	0.0	0.0	0.0	0.00125	0.0	0.0	0.0	0.0	0.0	0.0	0.0025	0.00125	0.0	0.0	0.0	0.0	0.0	0.0	0.0	0.00125	0.0	0.0	0.0	0.0	0.0	0.0	0.0	0.0	0.0	0.00125	0.0	0.0	0.0	0.0	0.0	0.0	0.0	0.0	0.0025	0.0025	0.0	0.00125	0.0	0.0	0.0025	0.00375	0.0	0.0	0.00125	0.0	0.00125	0.0	0.0	0.0	0.0	0.0	0.0	0.0	0.00375	0.00375	0.0	0.00125	0.0	0.0	0.00375	0.00125	0.0	0.0	0.0	0.0	0.0	0.0	0.00125	0.0	0.0	0.0	0.0	0.0	0.00125	0.0	0.0	0.0	0.00625	0.0	0.0	0.0	0.0	0.0	0.00375
k__Bacteria;p__Firmicutes;c__Bacilli;o__Lactobacillales;f__Streptococcaceae;g__Streptococcus;s__	0.0	0.0	0.0	0.0	0.0	0.0	0.0	0.0	0.0	0.0	0.0	0.0	0.0	0.0	0.0025	0.0	0.0	0.0	0.0	0.0	0.0	0.0	0.0	0.0	0.0	0.0	0.0	0.0	0.0	0.0	0.0	0.0	0.0	0.0	0.0	0.0	0.00125	0.0	0.0	0.0	0.0	0.0	0.0	0.0	0.0	0.0	0.0	0.0	0.0	0.0	0.0	0.0	0.0	0.0	0.0	0.0	0.0	0.0	0.0	0.0	0.0	0.0	0.0	0.0	0.0	0.0	0.0	0.0	0.0	0.0	0.0	0.0025	0.0	0.0	0.0	0.0	0.0	0.0	0.0	0.0	0.0	0.0	0.0	0.0	0.0	0.0	0.0	0.0	0.0	0.0	0.0	0.0	0.0
k__Bacteria;p__Firmicutes;c__Bacilli;o__Turicibacterales;f__Turicibacteraceae;g__Turicibacter;s__	0.0	0.0025	0.0	0.0025	0.0	0.00125	0.0	0.0	0.0025	0.0025	0.0025	0.0	0.0	0.0	0.0	0.0	0.0	0.0	0.0	0.0	0.0025	0.0	0.0	0.0	0.0	0.0	0.0	0.0	0.0	0.00375	0.0	0.0025	0.0	0.0	0.0	0.0	0.0	0.00125	0.0	0.0	0.0	0.0	0.0	0.0	0.00125	0.0	0.0	0.0	0.0	0.0	0.0	0.0	0.0	0.0	0.0	0.0	0.0	0.0	0.0	0.0	0.0	0.0	0.00125	0.0	0.0	0.0	0.0	0.0	0.0	0.0	0.00125	0.0	0.0	0.0	0.00625	0.0	0.0	0.0025	0.00125	0.0	0.0	0.0	0.0	0.0	0.0	0.0	0.00125	0.0	0.0	0.00125	0.0	0.0	0.0
k__Bacteria;p__Firmicutes;c__Clostridia;o__Clostridiales;f__;g__;s__	0.195	0.11375	0.08	0.11375	0.1875	0.20875	0.13375	0.1525	0.2	0.09375	0.14375	0.1875	0.28125	0.11875	0.1425	0.16875	0.15625	0.11	0.14875	0.115	0.21	0.21	0.18625	0.00875	0.135	0.185	0.14	0.2675	0.01875	0.14375	0.2175	0.01125	0.17375	0.015	0.00625	0.265	0.21625	0.0175	0.05375	0.20625	0.215	0.1725	0.005	0.0175	0.0125	0.15125	0.00625	0.03375	0.01875	0.0175	0.03625	0.02875	0.00625	0.03625	0.01375	0.12125	0.17	0.055	0.19125	0.2175	0.07375	0.2025	0.03875	0.03	0.0775	0.02125	0.0025	0.08	0.02125	0.12375	0.12375	0.135	0.00125	0.045	0.1425	0.005	0.005	0.02375	0.00875	0.005	0.015	0.005	0.0125	0.00375	0.00375	0.01625	0.01	0.0075	0.03	0.005	0.00375	0.005	0.05375
k__Bacteria;p__Firmicutes;c__Clostridia;o__Clostridiales;f__Christensenellaceae;g__;s__	0.0	0.0	0.0	0.0	0.0	0.0	0.0	0.0	0.0	0.0	0.0	0.0	0.0	0.0	0.0	0.0	0.0	0.0	0.0	0.0	0.0	0.0	0.0	0.0	0.0	0.0	0.0	0.0	0.0	0.00125	0.0	0.0	0.0	0.0	0.0	0.0	0.0	0.0	0.0	0.0	0.0	0.0	0.0	0.0	0.0	0.0	0.0	0.0	0.0	0.0	0.0	0.0	0.0	0.0	0.0	0.0	0.0	0.0	0.0	0.0	0.0	0.0	0.0	0.0	0.0	0.0	0.0	0.0	0.0	0.0	0.0	0.0	0.0	0.0	0.0	0.0	0.0	0.0	0.0	0.0	0.0	0.0	0.0	0.0	0.0	0.0	0.0	0.0	0.0	0.0	0.0	0.0	0.0
k__Bacteria;p__Firmicutes;c__Clostridia;o__Clostridiales;f__Clostridiaceae;g__;s__	0.00125	0.0	0.0	0.00125	0.00125	0.0	0.00125	0.0	0.0	0.0	0.0	0.0	0.0	0.0	0.0	0.0	0.0	0.0	0.0	0.0	0.0	0.0	0.00125	0.0	0.00125	0.0	0.0	0.00125	0.0	0.0	0.0	0.0	0.0	0.0	0.0	0.0	0.0	0.0	0.0	0.00125	0.00125	0.0	0.0	0.00125	0.0	0.0	0.0	0.0	0.0	0.0	0.0	0.0	0.0	0.0	0.0	0.0	0.0	0.0	0.0	0.0	0.0	0.0	0.0	0.0	0.0	0.0	0.0	0.0	0.0	0.00125	0.0	0.0	0.0	0.0	0.0	0.0	0.0	0.00125	0.0	0.0	0.00125	0.0	0.0	0.0	0.0	0.0	0.0	0.0	0.0	0.0	0.0	0.0	0.0
k__Bacteria;p__Firmicutes;c__Clostridia;o__Clostridiales;f__Clostridiaceae;g__Clostridium;s__	0.0	0.0	0.0	0.0	0.0	0.0	0.0	0.0	0.00125	0.0	0.0	0.0	0.0	0.0	0.0	0.0	0.0	0.0	0.0	0.0	0.0	0.0	0.0	0.0	0.0	0.0	0.0	0.0	0.0	0.0	0.00125	0.0	0.0	0.0	0.00125	0.0	0.0025	0.00125	0.0	0.0	0.0	0.0	0.0	0.0	0.01	0.0	0.0	0.0	0.0	0.0	0.0	0.0	0.00125	0.0	0.0	0.0	0.0	0.0	0.0	0.0	0.0	0.0	0.0	0.0	0.0	0.0	0.0	0.0	0.0	0.0	0.0	0.0	0.00125	0.0	0.0	0.0025	0.00125	0.0	0.00375	0.00125	0.0	0.0	0.0	0.0	0.0	0.0	0.0	0.0	0.00125	0.0	0.0	0.00375	0.0
k__Bacteria;p__Firmicutes;c__Clostridia;o__Clostridiales;f__Dehalobacteriaceae;g__Dehalobacterium;s__	0.0	0.00375	0.0	0.005	0.005	0.00375	0.0	0.0	0.0025	0.0	0.00375	0.00375	0.00375	0.0	0.0	0.0	0.0	0.00125	0.0	0.00125	0.00375	0.005	0.00125	0.0	0.00375	0.00125	0.00125	0.0	0.0	0.0	0.0025	0.0	0.0	0.0	0.0	0.0	0.00125	0.0	0.0	0.0025	0.0	0.0	0.0	0.0	0.0	0.0	0.0	0.0	0.0	0.0	0.0	0.0	0.0	0.0	0.0	0.0	0.0025	0.00125	0.0	0.00125	0.0	0.0	0.00125	0.0	0.00125	0.0	0.0	0.0	0.0	0.0	0.0	0.0	0.0	0.0	0.00125	0.0	0.0	0.0	0.0	0.0	0.0	0.0	0.0	0.0	0.0	0.0	0.0	0.0	0.0	0.0	0.0	0.0	0.0
k__Bacteria;p__Firmicutes;c__Clostridia;o__Clostridiales;f__Lachnospiraceae;g__;s__	0.12875	0.0275	0.02875	0.05	0.0875	0.18875	0.0425	0.04625	0.08875	0.0225	0.065	0.04625	0.05125	0.0175	0.02375	0.0925	0.0675	0.06	0.06	0.0875	0.085	0.12375	0.1175	0.02	0.0575	0.04375	0.10875	0.08375	0.02375	0.05125	0.07875	0.005	0.0375	0.00375	0.0025	0.06125	0.0475	0.00625	0.03125	0.12875	0.06125	0.02625	0.0125	0.01125	0.00375	0.08125	0.0025	0.0175	0.00125	0.0225	0.01125	0.02875	0.01	0.05625	0.0075	0.03	0.05	0.02625	0.12625	0.12375	0.035	0.0375	0.04	0.05125	0.035	0.005	0.0	0.0475	0.0225	0.035	0.05375	0.08125	0.0	0.015	0.04375	0.0025	0.00125	0.0175	0.00125	0.0	0.035	0.00125	0.00375	0.0	0.0	0.0025	0.005	0.01125	0.03625	0.0	0.0025	0.00625	0.05625
k__Bacteria;p__Firmicutes;c__Clostridia;o__Clostridiales;f__Lachnospiraceae;g__Blautia;s__	0.0	0.0	0.0	0.0	0.0	0.0	0.0	0.0	0.0	0.0	0.00125	0.0	0.0	0.0	0.0	0.0	0.0	0.0	0.0	0.0	0.00125	0.00125	0.0	0.0	0.0	0.0	0.00125	0.0	0.0	0.0	0.0	0.0	0.0	0.0	0.0	0.0	0.0	0.0	0.00125	0.00125	0.0	0.0	0.0	0.0	0.0	0.0	0.0	0.0	0.0	0.0	0.0	0.0	0.0	0.0	0.0	0.0	0.0	0.0	0.0	0.0	0.0	0.0	0.0	0.0	0.0	0.0	0.0	0.00125	0.0	0.0	0.0	0.0	0.0	0.0	0.0	0.0	0.0	0.0	0.0	0.0	0.0	0.0	0.0	0.0	0.0	0.0	0.0	0.0	0.0	0.0	0.0	0.0	0.0
k__Bacteria;p__Firmicutes;c__Clostridia;o__Clostridiales;f__Lachnospiraceae;g__Blautia;s__producta	0.0	0.0	0.0	0.0	0.0	0.0	0.0	0.0	0.0	0.0	0.0	0.0	0.0	0.0	0.0	0.0	0.0	0.0	0.0	0.0	0.0	0.0	0.0	0.0	0.0	0.0	0.0	0.0	0.0	0.0	0.0	0.0	0.0	0.0	0.0	0.0	0.0	0.0	0.0	0.00125	0.0	0.0	0.0	0.0	0.0	0.0	0.0	0.0	0.0	0.0	0.0	0.0	0.0	0.0	0.0	0.0	0.0	0.0	0.0	0.0	0.0	0.0	0.0	0.0	0.0	0.0	0.0	0.0	0.0	0.0	0.0	0.0	0.0	0.0	0.0	0.0	0.0	0.0	0.0	0.0	0.0	0.0	0.0	0.0	0.0	0.0	0.0	0.0	0.0	0.0	0.0	0.0	0.0
k__Bacteria;p__Firmicutes;c__Clostridia;o__Clostridiales;f__Lachnospiraceae;g__Coprococcus;s__	0.0225	0.02375	0.01625	0.0075	0.0175	0.05375	0.00875	0.005	0.02625	0.00625	0.0175	0.0075	0.0275	0.00875	0.0125	0.00875	0.02375	0.01	0.02625	0.0225	0.01875	0.015	0.02	0.015	0.0225	0.00875	0.03	0.02875	0.015	0.02125	0.01625	0.00125	0.02875	0.00125	0.00125	0.02125	0.045	0.00625	0.00375	0.025	0.01125	0.00375	0.00875	0.00625	0.005	0.04625	0.00375	0.0175	0.0025	0.015	0.0025	0.0125	0.0025	0.03125	0.00125	0.03	0.0325	0.01875	0.02375	0.02125	0.03375	0.02125	0.03	0.02375	0.01375	0.00625	0.00125	0.0175	0.01625	0.01	0.0225	0.035	0.0	0.00125	0.02	0.0	0.00125	0.01875	0.005	0.0025	0.015	0.0025	0.00375	0.0	0.00125	0.0	0.00125	0.00125	0.02375	0.0	0.005	0.0	0.025
k__Bacteria;p__Firmicutes;c__Clostridia;o__Clostridiales;f__Lachnospiraceae;g__Dorea;s__	0.0	0.0	0.0	0.0	0.0	0.0	0.0	0.0	0.00125	0.0	0.0	0.0	0.0	0.0	0.0	0.0	0.0	0.0	0.0	0.00125	0.0	0.0	0.0	0.0	0.0	0.0	0.00125	0.0	0.0	0.0	0.00125	0.0	0.0	0.0	0.0	0.00125	0.0	0.0	0.0	0.00125	0.0	0.0	0.0	0.0	0.0	0.0	0.0	0.00125	0.0	0.00125	0.0	0.0	0.0	0.0	0.0	0.0	0.0	0.0	0.0	0.00125	0.0	0.0	0.0	0.0	0.0	0.0	0.0	0.0	0.0	0.0	0.00125	0.0	0.0	0.0	0.00125	0.0	0.0	0.0	0.0	0.0	0.0	0.0	0.0	0.0	0.0	0.0	0.0	0.0	0.00125	0.0	0.0	0.0	0.0
k__Bacteria;p__Firmicutes;c__Clostridia;o__Clostridiales;f__Lachnospiraceae;g__Lachnospira;s__	0.0	0.0	0.0	0.0	0.0	0.0	0.0	0.0	0.0	0.0	0.00125	0.00125	0.0	0.0	0.0	0.0	0.0	0.0	0.0	0.0	0.00125	0.005	0.00125	0.0	0.0	0.00125	0.0	0.0	0.0	0.0	0.0	0.0	0.0	0.0	0.0	0.0	0.0	0.0	0.0	0.0	0.00125	0.0	0.0	0.0	0.0	0.0	0.0	0.0	0.0	0.0	0.0	0.0	0.0	0.0	0.0	0.0	0.0	0.0	0.0	0.0	0.0	0.0	0.0	0.0	0.0	0.0	0.0	0.0	0.0	0.0	0.0	0.0	0.0	0.0	0.0	0.0	0.0	0.0	0.0	0.0	0.0	0.0	0.0	0.0	0.0	0.0	0.0	0.0	0.0	0.0	0.0	0.0	0.0
k__Bacteria;p__Firmicutes;c__Clostridia;o__Clostridiales;f__Lachnospiraceae;g__Moryella;s__	0.0	0.005	0.0025	0.0	0.0	0.00125	0.00375	0.00625	0.0025	0.0	0.00375	0.0025	0.01125	0.00375	0.00125	0.0025	0.0	0.0	0.0	0.0	0.0025	0.00625	0.00375	0.0	0.00375	0.0	0.0025	0.0025	0.005	0.0025	0.0	0.0025	0.01375	0.0	0.0	0.0025	0.0	0.0	0.0	0.0025	0.00375	0.0025	0.00375	0.0025	0.0	0.0075	0.00125	0.005	0.0	0.0025	0.00625	0.00125	0.00125	0.01	0.00125	0.005	0.0025	0.0075	0.0025	0.005	0.00125	0.00375	0.00125	0.00375	0.0	0.0	0.0	0.00125	0.00375	0.0	0.0	0.0125	0.0	0.0	0.00125	0.0	0.0	0.0	0.0	0.0	0.00125	0.0	0.0	0.0	0.0	0.0	0.0	0.0	0.00125	0.0	0.0	0.0	0.00125
k__Bacteria;p__Firmicutes;c__Clostridia;o__Clostridiales;f__Lachnospiraceae;g__Oribacterium;s__	0.0	0.0	0.0	0.0	0.0	0.0	0.0	0.0	0.0	0.0	0.0	0.0	0.0	0.0	0.0	0.0	0.0	0.0	0.0	0.0	0.0	0.0	0.0	0.0	0.0	0.0	0.0	0.0	0.0	0.0	0.0	0.0	0.0	0.0	0.0	0.0	0.0	0.0	0.0	0.0	0.0	0.0	0.0	0.0	0.0	0.0	0.0	0.0	0.0	0.0	0.0	0.0	0.0	0.0	0.0	0.0	0.0	0.0	0.0	0.0	0.0	0.0	0.0	0.0	0.0	0.0	0.0	0.0	0.0	0.0	0.0	0.0	0.0	0.0	0.0	0.0	0.0	0.0	0.0	0.0	0.0	0.0	0.0	0.0	0.0	0.0	0.0	0.0	0.0	0.0	0.0	0.0	0.00125
k__Bacteria;p__Firmicutes;c__Clostridia;o__Clostridiales;f__Lachnospiraceae;g__Roseburia;s__	0.0	0.0	0.0	0.0	0.0	0.0	0.0	0.0	0.0	0.0	0.0	0.0	0.0	0.0	0.0	0.0	0.0	0.0	0.0	0.0	0.0025	0.0	0.0	0.0	0.0	0.0	0.0	0.0	0.0	0.0	0.0	0.0	0.0	0.0	0.0	0.0	0.0	0.0	0.0	0.0	0.0	0.0	0.0	0.0	0.0	0.0	0.0	0.0	0.0	0.0	0.0	0.0	0.0	0.0	0.0	0.0	0.0	0.0	0.0	0.0	0.00125	0.0	0.0	0.0	0.0	0.0	0.0	0.0	0.0	0.0	0.0	0.0	0.0	0.0	0.0	0.0	0.0	0.0	0.0	0.0	0.0	0.0	0.0	0.0	0.0	0.0	0.0	0.0	0.0	0.0	0.0	0.0	0.0
k__Bacteria;p__Firmicutes;c__Clostridia;o__Clostridiales;f__Lachnospiraceae;g__[Ruminococcus];s__	0.0	0.00125	0.0	0.0	0.0	0.0025	0.0	0.0025	0.00375	0.0	0.0	0.0	0.00125	0.0	0.0	0.0	0.00125	0.0	0.0	0.00125	0.0	0.00125	0.0	0.0	0.0	0.0	0.0	0.00125	0.0	0.00125	0.0025	0.0	0.0	0.0	0.0	0.0	0.00125	0.0	0.0	0.00125	0.0	0.0	0.0	0.0	0.0	0.0	0.0	0.0	0.0	0.0	0.0	0.0	0.0	0.0	0.0	0.0	0.0	0.0	0.0	0.0	0.0	0.0	0.0	0.0	0.0	0.0	0.0	0.0	0.0	0.0	0.0	0.0	0.0	0.0	0.0	0.00125	0.0	0.0	0.0	0.0	0.0	0.0	0.0	0.0	0.0	0.0	0.0	0.0	0.0	0.0	0.00125	0.0	0.0
k__Bacteria;p__Firmicutes;c__Clostridia;o__Clostridiales;f__Lachnospiraceae;g__[Ruminococcus];s__gnavus	0.00125	0.0025	0.005	0.0025	0.00375	0.00375	0.00375	0.00125	0.00375	0.0	0.0025	0.0	0.0025	0.00125	0.0	0.0	0.0	0.00125	0.0	0.005	0.0	0.0	0.0	0.0	0.0	0.00125	0.00125	0.00125	0.0	0.0	0.0	0.0	0.0	0.0	0.0	0.0	0.00125	0.0	0.0025	0.0025	0.0	0.00625	0.00125	0.0	0.0	0.00125	0.0	0.0	0.0	0.0	0.0	0.0	0.0	0.0	0.0	0.0025	0.0	0.00375	0.0025	0.0025	0.0	0.00125	0.0	0.00125	0.0	0.0	0.0	0.00375	0.0	0.0	0.0025	0.00125	0.0	0.0	0.0	0.0	0.0	0.0	0.0	0.0	0.0	0.0	0.0	0.0	0.0	0.0	0.0	0.00125	0.00125	0.0	0.0	0.0	0.00125
k__Bacteria;p__Firmicutes;c__Clostridia;o__Clostridiales;f__Lachnospiraceae;g__[Ruminococcus];s__torques	0.00125	0.0	0.0	0.0	0.0	0.0	0.0	0.0	0.0	0.0	0.0	0.0	0.0	0.0	0.0	0.0	0.0	0.0	0.0	0.0	0.0	0.0	0.0	0.0	0.0	0.0	0.0	0.0	0.0	0.0	0.0	0.0	0.0	0.0	0.0	0.0	0.0	0.0	0.0	0.0	0.0	0.0	0.0	0.0	0.0	0.0	0.0	0.0	0.0	0.0	0.0	0.0	0.0	0.0	0.0	0.0	0.0	0.0	0.0	0.0	0.0	0.0	0.0	0.0	0.0	0.0	0.0	0.0	0.0	0.0	0.0	0.0	0.0	0.0	0.0	0.0	0.0	0.0	0.0	0.0	0.0	0.0	0.0	0.0	0.0	0.0	0.0	0.0	0.0	0.0	0.0	0.0	0.0
k__Bacteria;p__Firmicutes;c__Clostridia;o__Clostridiales;f__Peptococcaceae;g__;s__	0.0	0.0	0.0	0.0	0.0	0.0	0.0	0.0	0.0	0.0	0.0	0.0	0.0	0.0	0.0	0.0	0.0	0.0	0.0	0.0	0.0	0.0	0.0	0.0	0.0	0.0	0.0	0.0	0.0	0.0	0.0	0.0	0.0	0.0	0.0	0.0025	0.0	0.0	0.0	0.0	0.0	0.0	0.0	0.0	0.0	0.0	0.0	0.0	0.0	0.0	0.0	0.0	0.0	0.0	0.0	0.0	0.00125	0.0	0.00125	0.0	0.0	0.0	0.0	0.0	0.0	0.0	0.0	0.0	0.0	0.0	0.0	0.0	0.0	0.0	0.0	0.0	0.0	0.0	0.0	0.0	0.0	0.0	0.0	0.0	0.0	0.0	0.0	0.0	0.0	0.0	0.0	0.0	0.0
k__Bacteria;p__Firmicutes;c__Clostridia;o__Clostridiales;f__Peptococcaceae;g__Desulfitobacter;s__	0.0	0.0	0.0	0.0	0.0	0.0	0.0	0.0	0.0	0.0	0.0	0.0	0.0	0.0	0.0	0.0	0.0	0.0	0.0	0.0	0.0	0.0	0.0	0.0	0.0	0.0	0.0	0.0	0.0	0.0	0.0	0.0	0.0	0.0	0.0	0.0	0.0	0.0	0.0	0.0	0.0	0.0	0.0	0.0	0.0	0.0	0.0	0.0	0.0	0.0	0.0	0.00125	0.0	0.0	0.0	0.0	0.0	0.0	0.0	0.0	0.0	0.0	0.0	0.0	0.0	0.0	0.0	0.0	0.0	0.0	0.0	0.0	0.0	0.0	0.0	0.0	0.0	0.0	0.0	0.0	0.0	0.0	0.0	0.0	0.0	0.0	0.0	0.0	0.0	0.00125	0.0	0.0	0.0
k__Bacteria;p__Firmicutes;c__Clostridia;o__Clostridiales;f__Peptococcaceae;g__rc4-4;s__	0.0	0.0	0.0	0.0	0.0	0.0	0.0	0.0	0.0	0.0	0.0	0.0	0.0	0.0	0.0	0.0	0.0	0.0	0.0	0.0	0.0	0.0	0.0	0.0	0.0	0.0	0.0	0.0	0.0	0.0	0.0	0.0	0.0	0.0	0.0	0.0	0.0	0.0	0.0	0.0	0.0	0.0	0.0	0.0	0.0	0.0	0.0	0.0	0.0	0.00125	0.0	0.0	0.0	0.0	0.0	0.0	0.0	0.0	0.0	0.0	0.0	0.0	0.0	0.0	0.0	0.0	0.0	0.0	0.0	0.0	0.0	0.0	0.0	0.0	0.0	0.0	0.0	0.0	0.0	0.0	0.0	0.0	0.0	0.0	0.0	0.0	0.0	0.0	0.0	0.0	0.0	0.0	0.0
k__Bacteria;p__Firmicutes;c__Clostridia;o__Clostridiales;f__Ruminococcaceae;g__;s__	0.02625	0.00875	0.0375	0.00375	0.02	0.03375	0.04	0.04	0.02875	0.01125	0.035	0.04125	0.03375	0.04625	0.0075	0.03125	0.05	0.02125	0.04625	0.01375	0.0325	0.025	0.03625	0.005	0.0325	0.05125	0.015	0.02875	0.0	0.0075	0.0175	0.0	0.04625	0.0075	0.00125	0.02375	0.015	0.0	0.01	0.02625	0.025	0.015	0.00125	0.0075	0.00125	0.015	0.0025	0.0025	0.00125	0.0	0.00625	0.005	0.00125	0.0025	0.005	0.07375	0.015	0.02875	0.03125	0.02125	0.01	0.0225	0.00125	0.00625	0.0075	0.00125	0.0	0.01	0.00375	0.0275	0.00625	0.00375	0.00125	0.00125	0.0275	0.00125	0.00125	0.0025	0.00125	0.0	0.0025	0.0025	0.00125	0.0	0.0025	0.0	0.0	0.00375	0.01	0.00375	0.0	0.0075	0.00875
k__Bacteria;p__Firmicutes;c__Clostridia;o__Clostridiales;f__Ruminococcaceae;g__Anaerotruncus;s__	0.0	0.0	0.0	0.0	0.0	0.0	0.0	0.0	0.0	0.0	0.0	0.0	0.0	0.0	0.0	0.0	0.0	0.0	0.00125	0.0	0.0	0.00125	0.0	0.0	0.0	0.0	0.0	0.0	0.0	0.0	0.0	0.0	0.00125	0.0	0.0	0.00125	0.00125	0.0	0.0	0.0	0.0	0.0	0.0	0.0	0.0	0.0	0.0	0.0	0.0	0.0	0.0	0.0	0.0	0.0	0.0	0.0	0.0	0.0	0.00125	0.00125	0.0	0.0	0.0	0.0	0.0	0.0	0.0	0.00125	0.0	0.0	0.0	0.0	0.0	0.0	0.0	0.0	0.0	0.0	0.0	0.0	0.0	0.0	0.0	0.0	0.0	0.0	0.0	0.0	0.0	0.0	0.0	0.0	0.0
k__Bacteria;p__Firmicutes;c__Clostridia;o__Clostridiales;f__Ruminococcaceae;g__Oscillospira;s__	0.095	0.03875	0.0275	0.04625	0.05125	0.09625	0.03	0.0425	0.05625	0.07375	0.04625	0.055	0.125	0.0925	0.00875	0.03625	0.0525	0.03875	0.08	0.0525	0.08125	0.04375	0.0375	0.0025	0.0425	0.06	0.0425	0.0675	0.00125	0.07	0.0575	0.00125	0.16875	0.00125	0.00375	0.0375	0.0275	0.00625	0.035	0.065	0.04875	0.0425	0.00375	0.01	0.00125	0.02375	0.0075	0.0025	0.0125	0.0	0.01125	0.01625	0.005	0.00625	0.005	0.09375	0.05	0.07625	0.08	0.05875	0.03625	0.03	0.0025	0.01375	0.03	0.00625	0.00375	0.04625	0.00625	0.04625	0.04375	0.0075	0.0	0.005	0.0525	0.00625	0.0025	0.0025	0.00625	0.00375	0.0025	0.00125	0.00125	0.0	0.00125	0.00125	0.0025	0.00125	0.00625	0.0025	0.00125	0.00125	0.01625
k__Bacteria;p__Firmicutes;c__Clostridia;o__Clostridiales;f__Ruminococcaceae;g__Oscillospira;s__guilliermondii	0.0	0.0	0.0	0.0	0.0	0.0	0.0	0.0	0.0	0.0	0.0	0.0	0.0	0.0	0.0	0.0	0.0	0.0	0.0	0.0	0.0	0.0	0.0	0.0	0.0	0.0	0.0	0.0	0.0	0.0	0.0	0.0	0.0	0.0	0.0	0.0	0.0	0.0	0.0	0.0	0.00125	0.0	0.0	0.0	0.0	0.0	0.0	0.0	0.0	0.0	0.0	0.0	0.0	0.0	0.0	0.0	0.0	0.0	0.0	0.0	0.0	0.0	0.0	0.0	0.0	0.0	0.0	0.0	0.0	0.0	0.0	0.0	0.0	0.0	0.0	0.0	0.0	0.0	0.0	0.0	0.0	0.0	0.0	0.0	0.0	0.0	0.0	0.0	0.0	0.0	0.0	0.0	0.0
k__Bacteria;p__Firmicutes;c__Clostridia;o__Clostridiales;f__Ruminococcaceae;g__Ruminococcus;s__	0.01875	0.0025	0.00625	0.0075	0.01375	0.01125	0.00375	0.01375	0.00625	0.005	0.01	0.005	0.00625	0.00625	0.01	0.01	0.0075	0.00625	0.01	0.00375	0.01125	0.01125	0.01	0.0	0.00375	0.0075	0.0075	0.015	0.0	0.005	0.00625	0.0	0.0075	0.0	0.00125	0.00375	0.00375	0.00125	0.00625	0.0075	0.00625	0.01	0.0	0.0	0.0025	0.00375	0.0	0.00875	0.00125	0.00375	0.0	0.005	0.0025	0.0	0.0	0.0075	0.00125	0.0025	0.01	0.0075	0.00375	0.00875	0.0025	0.0	0.0025	0.00375	0.00125	0.005	0.00125	0.00625	0.0025	0.0025	0.0	0.01	0.0075	0.0	0.0	0.00125	0.0	0.0	0.0	0.0	0.0	0.00125	0.0025	0.0	0.0	0.00125	0.0025	0.0	0.0	0.0	0.0025
k__Bacteria;p__Firmicutes;c__Clostridia;o__Clostridiales;f__Ruminococcaceae;g__Ruminococcus;s__flavefaciens	0.0	0.0	0.01125	0.0	0.0	0.0	0.005	0.01625	0.0	0.0	0.0	0.0	0.0	0.0	0.0	0.0	0.0	0.0	0.0	0.0	0.0	0.0	0.0	0.0	0.0	0.0	0.0075	0.0	0.0	0.0	0.0	0.0	0.0	0.0	0.0	0.0	0.00125	0.0	0.0	0.0	0.00375	0.005	0.0	0.0	0.0	0.0	0.0	0.0025	0.0	0.0	0.0	0.0	0.0	0.005	0.0	0.0	0.0025	0.0	0.0	0.0	0.0	0.0025	0.0	0.0	0.0	0.0	0.0	0.0	0.0	0.0	0.0	0.0	0.0	0.0	0.0	0.0	0.0	0.0	0.0	0.0	0.0	0.0	0.0	0.0	0.0	0.0	0.0025	0.0	0.0	0.0	0.0	0.0	0.0
k__Bacteria;p__Firmicutes;c__Clostridia;o__Clostridiales;f__[Mogibacteriaceae];g__;s__	0.00375	0.0025	0.0	0.00125	0.0	0.00125	0.00125	0.0	0.0	0.00125	0.0	0.0	0.0	0.0	0.0	0.00125	0.00125	0.0	0.0	0.0	0.0	0.0	0.0	0.0	0.0	0.0	0.0	0.0	0.0	0.0025	0.0	0.0	0.0	0.0	0.0	0.0	0.0	0.0	0.0	0.00125	0.0	0.0	0.0	0.0	0.0	0.0	0.00125	0.0	0.0	0.0	0.0	0.0	0.0	0.0	0.0	0.0	0.0025	0.0	0.0	0.00125	0.0025	0.0	0.0	0.0	0.00125	0.0	0.0	0.00125	0.0	0.00125	0.0	0.0	0.0	0.0	0.0	0.0	0.0	0.0	0.0	0.0	0.005	0.0	0.0	0.0	0.0	0.0	0.0	0.0	0.0	0.0	0.0	0.0	0.0
k__Bacteria;p__Firmicutes;c__Erysipelotrichi;o__Erysipelotrichales;f__Erysipelotrichaceae;g__;s__	0.00125	0.0	0.0	0.0	0.0	0.0	0.0	0.0	0.0	0.0	0.00125	0.0	0.0	0.0	0.0	0.0	0.00125	0.0	0.0	0.0	0.0	0.00125	0.0	0.0	0.0	0.0	0.0	0.0	0.0	0.0	0.0	0.0	0.0	0.0	0.0	0.00125	0.0	0.0	0.00125	0.0	0.0	0.0	0.0	0.0	0.0	0.0	0.0	0.0	0.0	0.0	0.0	0.0	0.0	0.0025	0.0	0.0	0.00125	0.0	0.0	0.0	0.0	0.0	0.0	0.0	0.0	0.0	0.0	0.00125	0.0	0.0	0.0	0.0	0.00125	0.0	0.0	0.0	0.0	0.0	0.0	0.0	0.0	0.0	0.0	0.0	0.0	0.0	0.0	0.0	0.0	0.0	0.0	0.0	0.0
k__Bacteria;p__Firmicutes;c__Erysipelotrichi;o__Erysipelotrichales;f__Erysipelotrichaceae;g__Allobaculum;s__	0.0	0.0	0.0	0.0	0.0	0.0	0.0	0.0	0.0	0.0	0.0	0.0	0.0	0.0	0.0	0.0	0.0	0.0	0.0	0.0	0.0	0.0	0.0	0.00375	0.0	0.0	0.0	0.0	0.0	0.0	0.0	0.0	0.0	0.0	0.0	0.0	0.0	0.0	0.0	0.0	0.0	0.0	0.0	0.0	0.0	0.0	0.0	0.0	0.0	0.0	0.0	0.0	0.0	0.0	0.0	0.0	0.0	0.0	0.0	0.0	0.0	0.0	0.0	0.0	0.0	0.0	0.0	0.0	0.00375	0.0	0.0	0.0	0.0	0.0	0.0	0.0	0.0	0.0	0.0	0.0	0.0	0.0	0.0	0.0	0.0	0.0	0.0	0.0	0.0	0.0	0.0	0.0	0.0
k__Bacteria;p__Firmicutes;c__Erysipelotrichi;o__Erysipelotrichales;f__Erysipelotrichaceae;g__Coprobacillus;s__	0.0	0.0	0.0	0.0	0.0	0.0	0.0	0.0	0.0	0.0025	0.0	0.0	0.0	0.0	0.0	0.0	0.0	0.0	0.0	0.0	0.0	0.0	0.0	0.0	0.0	0.0	0.0	0.0	0.0	0.0	0.0	0.0	0.0	0.0	0.0	0.0	0.0	0.0	0.0	0.0	0.0	0.0	0.0	0.0	0.0	0.0	0.0	0.0	0.0	0.0	0.0	0.0	0.0	0.0	0.0	0.0	0.0	0.0	0.0	0.0	0.0	0.0	0.0	0.0	0.0	0.0	0.0	0.0	0.0	0.0	0.0	0.0	0.0	0.0	0.0	0.0	0.0	0.0	0.0	0.0	0.0	0.0	0.0	0.0	0.0	0.0	0.0	0.0	0.0	0.0	0.0	0.0	0.0
k__Bacteria;p__Proteobacteria;c__Alphaproteobacteria;o__Sphingomonadales;f__Erythrobacteraceae;g__Citromicrobium;s__	0.0	0.0	0.0	0.0	0.0	0.0	0.0	0.0	0.0	0.0	0.0	0.0	0.0	0.0	0.0	0.0	0.0	0.0	0.0	0.0	0.0	0.0	0.0	0.0	0.0	0.0	0.0	0.0	0.0	0.0	0.0	0.0	0.0	0.0	0.0	0.0	0.0	0.0	0.0	0.0	0.0	0.0	0.0	0.0	0.0	0.0	0.0	0.0	0.0	0.0	0.0	0.0	0.0	0.0	0.0	0.0	0.0	0.0	0.0	0.0	0.0	0.0	0.0	0.0	0.0	0.0	0.0	0.0	0.0	0.0	0.0	0.0	0.0	0.0	0.0	0.0	0.0	0.0	0.0	0.0	0.0	0.0	0.0	0.0	0.00125	0.0	0.0	0.0	0.0	0.0	0.0	0.0	0.0
k__Bacteria;p__Proteobacteria;c__Betaproteobacteria;o__Burkholderiales;f__;g__;s__	0.0	0.0	0.0	0.0	0.0	0.0	0.0	0.0	0.0	0.0	0.0	0.0	0.0	0.0	0.0	0.0	0.0	0.0	0.0	0.0	0.0	0.0	0.0	0.0	0.0	0.0	0.0	0.0	0.00125	0.0	0.0	0.0	0.0	0.0	0.0	0.0	0.0	0.0	0.0	0.0	0.0	0.0	0.0	0.0	0.0	0.0	0.0	0.0	0.0	0.0	0.0	0.0	0.0	0.00125	0.0	0.0	0.0	0.0	0.0	0.0	0.0	0.0	0.0	0.0	0.0	0.00125	0.0	0.0	0.0	0.0	0.0	0.0	0.0	0.0	0.0	0.0	0.0	0.0	0.0	0.0	0.0	0.0	0.0	0.0	0.0	0.0	0.0	0.0	0.0	0.0	0.0	0.0	0.0
k__Bacteria;p__Proteobacteria;c__Betaproteobacteria;o__Burkholderiales;f__Alcaligenaceae;g__Sutterella;s__	0.0025	0.005	0.0	0.00375	0.005	0.00125	0.00375	0.0	0.0025	0.005	0.0025	0.0025	0.00125	0.00125	0.0025	0.0	0.0	0.00375	0.0	0.00375	0.00125	0.0	0.00375	0.0	0.0025	0.005	0.00375	0.0	0.0025	0.0025	0.0025	0.0025	0.0	0.0	0.00375	0.0	0.0025	0.0025	0.0075	0.00125	0.0025	0.0	0.00625	0.0025	0.0	0.0025	0.0	0.0	0.0	0.00125	0.00125	0.00125	0.0	0.0025	0.0	0.00125	0.0025	0.00125	0.0	0.0	0.00875	0.0025	0.0	0.0025	0.00625	0.0025	0.00125	0.00375	0.00375	0.00125	0.00375	0.00125	0.0	0.0025	0.00125	0.0	0.0	0.00125	0.0	0.00125	0.00375	0.0	0.0	0.0	0.00125	0.0	0.0	0.00375	0.00125	0.00375	0.0	0.0	0.0
k__Bacteria;p__Proteobacteria;c__Betaproteobacteria;o__Burkholderiales;f__Comamonadaceae;g__;s__	0.0	0.0	0.0	0.0	0.0	0.0	0.0	0.0	0.0	0.0	0.0	0.0	0.0	0.0	0.0	0.0	0.0	0.0	0.0	0.0	0.0	0.0	0.0	0.0	0.0	0.0	0.0	0.0	0.0	0.0	0.0	0.0	0.0	0.0	0.0	0.0	0.0	0.0	0.0	0.0	0.0	0.0	0.0	0.00125	0.0	0.0	0.0	0.0	0.0	0.0	0.0	0.0	0.0	0.0	0.0	0.0	0.0	0.0	0.0	0.0	0.0	0.0	0.0	0.0	0.0	0.0	0.0	0.0	0.0	0.0	0.0	0.0	0.0	0.0	0.0	0.0	0.0	0.0	0.0	0.0	0.0	0.0	0.0	0.0	0.0	0.0	0.0	0.0	0.0	0.0	0.0	0.0	0.0
k__Bacteria;p__Proteobacteria;c__Betaproteobacteria;o__Burkholderiales;f__Comamonadaceae;g__Comamonas;s__	0.0	0.0	0.0	0.0	0.0	0.0	0.0	0.0	0.0	0.0	0.0	0.0	0.0	0.0	0.0	0.0	0.0	0.0	0.0	0.0	0.0	0.0	0.0	0.0	0.0	0.0	0.0	0.0	0.0	0.0	0.0	0.0	0.0	0.0	0.0	0.0	0.0	0.0	0.0	0.0	0.0	0.0	0.0	0.0	0.0	0.0	0.0	0.0	0.0	0.0	0.0	0.0	0.0	0.00125	0.0	0.0	0.0	0.0	0.0	0.0	0.0	0.0	0.0	0.0	0.0	0.0	0.0	0.0	0.0	0.0	0.0	0.0	0.0	0.0	0.0	0.0	0.0	0.0	0.0	0.0	0.0	0.0	0.0	0.0	0.0	0.0	0.0	0.0	0.0	0.0	0.0	0.0	0.0
k__Bacteria;p__Proteobacteria;c__Betaproteobacteria;o__Burkholderiales;f__Oxalobacteraceae;g__Janthinobacterium;s__	0.0	0.0	0.0	0.0	0.0	0.0	0.0	0.0	0.0	0.0	0.0	0.0	0.0	0.0	0.0	0.0	0.0	0.0	0.0	0.0	0.0	0.0	0.0	0.0	0.0	0.0	0.0	0.0	0.0	0.0	0.0	0.0	0.0	0.0	0.0	0.0	0.0	0.0	0.0	0.0	0.0	0.0	0.0	0.0	0.0	0.0	0.0	0.0	0.0	0.0	0.0	0.0	0.0	0.0	0.0	0.0	0.0	0.0	0.0	0.0	0.0	0.0	0.0	0.0	0.0	0.0	0.0	0.0	0.0	0.0	0.0	0.0	0.0	0.0	0.0	0.0	0.0	0.00125	0.0	0.0	0.0	0.0	0.0	0.0	0.0	0.0	0.0	0.0	0.0	0.0	0.0	0.0	0.0
k__Bacteria;p__Proteobacteria;c__Deltaproteobacteria;o__Desulfarculales;f__Desulfarculaceae;g__;s__	0.0	0.0	0.0	0.0	0.0	0.0	0.0	0.0	0.0	0.0	0.0	0.0	0.0	0.0	0.0	0.0	0.0	0.0	0.0	0.0	0.0	0.00125	0.0	0.0	0.0	0.0	0.0	0.0	0.0	0.0	0.0	0.0	0.0	0.0	0.0	0.0	0.0	0.0	0.0	0.0	0.0	0.0	0.0	0.0	0.0	0.0	0.0	0.0	0.0	0.0	0.0	0.0	0.0	0.0	0.0	0.0	0.0	0.0	0.0	0.0	0.0	0.0	0.0	0.0	0.0	0.0	0.0	0.0	0.0	0.0	0.0	0.0	0.0	0.0	0.0	0.0	0.0	0.0	0.0	0.0	0.0	0.0	0.0	0.0	0.0	0.0	0.0	0.0	0.0	0.0	0.0	0.0	0.0
k__Bacteria;p__Proteobacteria;c__Deltaproteobacteria;o__Desulfovibrionales;f__Desulfovibrionaceae;g__;s__	0.0	0.0	0.0	0.0	0.0	0.0	0.0	0.0	0.0	0.0	0.0	0.0	0.0	0.0	0.0	0.0	0.0	0.0	0.0	0.0	0.0	0.0	0.0	0.0	0.0	0.0	0.0	0.0	0.0	0.0	0.0	0.0	0.0	0.0	0.0	0.0	0.0	0.0	0.0	0.0	0.0	0.0	0.0	0.0	0.0	0.0	0.0	0.0	0.0	0.0	0.0	0.0	0.0	0.0	0.0	0.0	0.0	0.0	0.0025	0.0	0.0	0.0	0.0	0.0	0.0	0.0	0.0	0.0	0.0	0.0	0.0	0.0	0.0	0.0	0.0	0.0	0.0	0.0	0.0	0.0	0.0	0.0	0.0	0.0	0.0	0.0	0.0	0.0	0.0	0.0	0.0	0.0	0.0
k__Bacteria;p__Proteobacteria;c__Deltaproteobacteria;o__Desulfovibrionales;f__Desulfovibrionaceae;g__Bilophila;s__	0.00625	0.0	0.0	0.0	0.0	0.0	0.0	0.0	0.0	0.0	0.00125	0.0	0.0	0.0	0.0	0.0	0.0	0.0	0.0	0.0	0.00125	0.0	0.0	0.0	0.0	0.0	0.0	0.0	0.0	0.0	0.0	0.0	0.0	0.0	0.0	0.0	0.0	0.0	0.0	0.0	0.0	0.0	0.0	0.0	0.0	0.0	0.0	0.0	0.0	0.0	0.0	0.0	0.0	0.0	0.0	0.0	0.0	0.0	0.0	0.0	0.00375	0.0	0.0	0.0	0.0	0.0	0.0	0.0	0.0	0.0	0.0	0.0	0.0	0.0	0.0	0.0	0.0	0.0	0.0	0.0	0.0	0.0	0.0	0.0	0.0	0.0	0.0	0.0	0.0	0.0	0.0	0.0	0.0
k__Bacteria;p__Proteobacteria;c__Deltaproteobacteria;o__Desulfovibrionales;f__Desulfovibrionaceae;g__Desulfovibrio;s__C21_c20	0.01	0.00875	0.0	0.00375	0.0075	0.00375	0.00375	0.00375	0.0075	0.0125	0.005	0.01	0.005	0.01	0.105	0.00875	0.00625	0.005	0.01	0.0025	0.0025	0.01125	0.00875	0.1375	0.0125	0.03375	0.005	0.0025	0.0225	0.0075	0.0025	0.00375	0.0075	0.0	0.0025	0.00375	0.00375	0.0275	0.00125	0.0125	0.00375	0.00625	0.00875	0.01125	0.06125	0.10125	0.00125	0.02875	0.01375	0.02625	0.005	0.17375	0.01125	0.01625	0.0	0.00625	0.00625	0.01375	0.01	0.0	0.0	0.00375	0.18375	0.0175	0.005	0.0025	0.02875	0.0025	0.13	0.005	0.00125	0.09125	0.0	0.065	0.00875	0.00875	0.00375	0.0225	0.03875	0.0475	0.02375	0.00125	0.00125	0.0	0.0	0.005	0.00375	0.00125	0.06875	0.00375	0.00125	0.01125	0.01875
k__Bacteria;p__Proteobacteria;c__Gammaproteobacteria;o__Enterobacteriales;f__Enterobacteriaceae;g__;s__	0.0	0.0	0.0	0.0	0.0	0.0	0.0	0.0	0.0	0.0	0.0	0.0	0.0	0.0	0.0	0.0	0.0	0.0	0.0	0.0	0.0	0.0	0.0	0.0	0.0	0.0	0.0	0.0	0.0	0.0	0.0	0.0	0.0	0.0	0.0	0.0	0.0	0.0	0.0	0.0	0.0	0.0	0.0	0.0	0.0	0.0	0.0	0.0	0.0	0.0	0.0	0.0	0.0025	0.0	0.0	0.0	0.0	0.0	0.0	0.0	0.0	0.0	0.0	0.0	0.0	0.0	0.0	0.0	0.0	0.0	0.0	0.0	0.0	0.0	0.0	0.0	0.0	0.0	0.0	0.0	0.0	0.0	0.0	0.0	0.0	0.0	0.0	0.0	0.0	0.0	0.0	0.0	0.00125
k__Bacteria;p__Proteobacteria;c__Gammaproteobacteria;o__Enterobacteriales;f__Enterobacteriaceae;g__Erwinia;s__	0.0	0.0	0.0	0.0	0.0	0.0	0.0	0.0	0.0	0.0	0.0	0.0	0.0	0.0	0.0	0.0	0.0	0.0	0.0	0.0	0.0	0.0	0.0	0.0	0.0	0.0	0.0	0.0	0.0	0.0	0.0	0.0	0.0	0.0	0.0	0.0	0.0	0.0	0.0	0.0	0.0	0.0	0.0	0.0	0.0	0.0	0.0	0.0	0.0	0.0	0.0	0.0	0.0	0.0	0.0	0.0	0.0	0.0	0.0	0.0	0.0	0.0	0.0	0.0	0.0	0.0	0.0	0.0	0.0	0.0	0.0	0.0	0.0	0.0	0.0	0.0	0.0	0.0	0.0	0.0	0.0	0.0	0.0	0.0	0.0	0.0	0.0	0.0	0.0	0.0	0.0	0.0	0.00125
k__Bacteria;p__Proteobacteria;c__Gammaproteobacteria;o__Enterobacteriales;f__Enterobacteriaceae;g__Serratia;s__	0.0	0.0	0.0	0.0	0.0	0.0	0.0	0.0	0.0	0.0	0.0	0.0	0.0	0.0	0.0	0.0	0.0	0.0	0.0	0.0	0.0	0.0	0.0	0.0	0.0	0.0	0.0	0.0	0.0	0.0	0.0	0.0	0.0	0.0	0.0	0.0	0.0	0.0	0.0	0.0	0.0	0.0	0.0	0.0	0.0	0.0	0.0	0.0	0.0	0.0	0.0	0.0	0.0	0.0	0.00125	0.0	0.0	0.0	0.0	0.0	0.0	0.0	0.0	0.0	0.0	0.00125	0.0	0.0	0.0	0.0	0.0	0.0	0.0	0.0	0.0	0.0	0.0	0.0	0.0	0.0	0.0	0.0	0.0	0.0	0.0	0.0	0.0	0.0	0.0	0.0	0.0	0.0	0.0
k__Bacteria;p__Proteobacteria;c__Gammaproteobacteria;o__Pasteurellales;f__Pasteurellaceae;g__Aggregatibacter;s__pneumotropica	0.0	0.0	0.0	0.0	0.0	0.0	0.0	0.0	0.0	0.0	0.0	0.0	0.0	0.0	0.0	0.0	0.0	0.0	0.0	0.0	0.0	0.0	0.0	0.0	0.0	0.0	0.0	0.0	0.0	0.0	0.0	0.0	0.0	0.0	0.0	0.0	0.0	0.0	0.0	0.0	0.0	0.0	0.0	0.0	0.0	0.0	0.0	0.0	0.0	0.0	0.0	0.0	0.0	0.0	0.0	0.0	0.0	0.0	0.0	0.0	0.0	0.0	0.0	0.0	0.0	0.0	0.0	0.0	0.0	0.0	0.0	0.0	0.0	0.0	0.0	0.0	0.0	0.0	0.0	0.0	0.0	0.0	0.0	0.0	0.0	0.0	0.0	0.0	0.00125	0.0	0.0	0.0	0.0
k__Bacteria;p__Proteobacteria;c__Gammaproteobacteria;o__Pseudomonadales;f__Moraxellaceae;g__;s__	0.0	0.0	0.0	0.0	0.0	0.0	0.0	0.0	0.0	0.0	0.0	0.0	0.0	0.0	0.0	0.0	0.0	0.0	0.0	0.0	0.0	0.0	0.0	0.0	0.0	0.0	0.0	0.0	0.0	0.0	0.0	0.0	0.0	0.0	0.0	0.0	0.0	0.0	0.0	0.0	0.0	0.0	0.00125	0.0	0.0	0.0	0.0	0.0	0.0	0.00125	0.0	0.0	0.0	0.0	0.0	0.0	0.0	0.0	0.0	0.0	0.0	0.0	0.0	0.0	0.0	0.0	0.0	0.0	0.0	0.0	0.0	0.0	0.0	0.0	0.0	0.0	0.0	0.0	0.0	0.0	0.0	0.0	0.0	0.0	0.0	0.0	0.0	0.0	0.0	0.0	0.0	0.0	0.0
k__Bacteria;p__Proteobacteria;c__Gammaproteobacteria;o__Pseudomonadales;f__Moraxellaceae;g__Acinetobacter;s__	0.0	0.0	0.0	0.0	0.0	0.0	0.0	0.0	0.0	0.0	0.0	0.0	0.0	0.0	0.0	0.0	0.0	0.0	0.0	0.0	0.0	0.0	0.0	0.0	0.0	0.0	0.0	0.0	0.0	0.0	0.0	0.0	0.0	0.0	0.0	0.0	0.0	0.0	0.0	0.0	0.0	0.0	0.0	0.0	0.0	0.0	0.0	0.0	0.0	0.0	0.0	0.0	0.0	0.00125	0.0	0.0	0.0	0.0	0.0	0.0	0.0	0.0	0.0	0.0	0.0	0.0	0.0	0.0	0.0	0.0	0.0	0.0	0.0	0.0	0.0	0.0	0.0	0.0	0.0	0.0	0.0	0.0	0.0	0.0	0.0	0.0	0.0	0.0	0.0	0.0	0.0	0.0	0.0
k__Bacteria;p__Proteobacteria;c__Gammaproteobacteria;o__Pseudomonadales;f__Moraxellaceae;g__Acinetobacter;s__rhizosphaerae	0.0	0.0	0.0	0.0	0.0	0.0	0.0	0.0	0.0	0.0	0.0	0.0	0.0	0.0	0.0	0.0	0.0	0.0	0.0	0.0	0.0	0.0	0.0	0.0	0.0	0.0	0.0	0.0	0.0	0.0	0.0	0.0	0.0	0.0	0.0	0.0	0.0	0.0	0.0	0.0	0.0	0.0	0.0	0.0	0.0	0.0	0.0	0.0	0.0	0.0	0.0	0.0	0.0	0.0	0.0	0.0	0.0	0.0	0.0	0.0	0.0	0.0	0.0	0.0	0.0	0.00125	0.0	0.0	0.0	0.0	0.0	0.0	0.0	0.0	0.0	0.0	0.0	0.0	0.0	0.0	0.0	0.0	0.0	0.0	0.0	0.0	0.0	0.0	0.0	0.0	0.0	0.0	0.0
k__Bacteria;p__Proteobacteria;c__Gammaproteobacteria;o__Pseudomonadales;f__Pseudomonadaceae;g__Pseudomonas;s__	0.0	0.0	0.0	0.0	0.0	0.0	0.0	0.0	0.0	0.0	0.0	0.0	0.0	0.0	0.0	0.0	0.0	0.0	0.0	0.0	0.0	0.0	0.0	0.0	0.0	0.0	0.0	0.0	0.0	0.0	0.0	0.0	0.0	0.0	0.0	0.0	0.0	0.0	0.0	0.0	0.0	0.0	0.0	0.0	0.0	0.0	0.0	0.0	0.0	0.0	0.0	0.0	0.0	0.00125	0.0	0.0	0.0	0.0	0.0	0.0	0.0	0.0	0.0	0.0	0.0	0.00125	0.0	0.0	0.0	0.0	0.0	0.0	0.0	0.0	0.0	0.0	0.0	0.0	0.0	0.0	0.0	0.0	0.0	0.0	0.0	0.0	0.0	0.0	0.0	0.0	0.0	0.0	0.0
k__Bacteria;p__Proteobacteria;c__Gammaproteobacteria;o__Xanthomonadales;f__Xanthomonadaceae;g__;s__	0.0	0.0	0.0	0.0	0.0	0.0	0.0	0.0	0.0	0.0	0.0	0.0	0.0	0.0	0.0	0.0	0.0	0.0	0.0	0.0	0.0	0.0	0.0	0.0	0.0	0.0	0.0	0.0	0.0	0.0	0.0	0.0	0.0	0.0	0.0	0.0	0.0	0.0	0.0	0.0	0.0	0.0	0.0	0.0	0.0	0.0	0.0	0.0	0.0	0.0	0.0	0.0	0.0	0.00125	0.0	0.0	0.0	0.0	0.0	0.0	0.0	0.0	0.0	0.0	0.0	0.0	0.0	0.0	0.0	0.0	0.0	0.0	0.0	0.0	0.0	0.0	0.0	0.0	0.0	0.0	0.0	0.0	0.0	0.0	0.0	0.0	0.0	0.0	0.0	0.0	0.0	0.0	0.0
k__Bacteria;p__TM7;c__TM7-3;o__CW040;f__F16;g__;s__	0.00125	0.00125	0.00125	0.0025	0.0	0.005	0.00375	0.0025	0.005	0.00125	0.0025	0.0025	0.0	0.0	0.0025	0.0	0.0	0.00125	0.0	0.00125	0.0025	0.00625	0.0	0.025	0.0	0.0025	0.0	0.00125	0.01125	0.0075	0.00375	0.0125	0.0	0.005	0.005	0.00375	0.00375	0.00875	0.00125	0.00375	0.0	0.0025	0.0025	0.01625	0.03	0.05	0.0	0.005	0.005	0.01	0.005	0.06375	0.00625	0.02875	0.005	0.0	0.00375	0.0	0.005	0.00125	0.0025	0.00125	0.08125	0.0025	0.0	0.00625	0.00375	0.0	0.00625	0.00125	0.0025	0.0025	0.0	0.0	0.0025	0.00625	0.0075	0.02625	0.015	0.005	0.01	0.00375	0.0	0.00375	0.0075	0.00125	0.015	0.00375	0.0225	0.01625	0.0025	0.005	0.035
k__Bacteria;p__Tenericutes;c__Mollicutes;o__Anaeroplasmatales;f__Anaeroplasmataceae;g__Anaeroplasma;s__	0.0175	0.0	0.0	0.0	0.0	0.0025	0.0	0.0	0.0	0.0	0.00375	0.00125	0.00125	0.0025	0.00125	0.0025	0.0025	0.00625	0.00125	0.0	0.005	0.0075	0.0025	0.0	0.00125	0.0	0.0	0.0125	0.0	0.0	0.00125	0.0	0.005	0.0	0.0	0.005	0.00625	0.0	0.0	0.0025	0.00125	0.0	0.0	0.0	0.0	0.0	0.0	0.0	0.0025	0.0	0.0	0.0	0.0	0.0	0.0	0.01	0.00375	0.0	0.0175	0.00625	0.00125	0.0025	0.0	0.0	0.0	0.0025	0.0	0.0	0.0	0.00625	0.0	0.0	0.0	0.0	0.0	0.0	0.0	0.0	0.00125	0.0	0.0	0.0	0.0025	0.0	0.0	0.0	0.0	0.0	0.0	0.0	0.0	0.0	0.0025
k__Bacteria;p__Tenericutes;c__Mollicutes;o__RF39;f__;g__;s__	0.0	0.0	0.0	0.0	0.0	0.0	0.0	0.0	0.0	0.0	0.0	0.0	0.0	0.0	0.0	0.0	0.0	0.0	0.0	0.0	0.0	0.0	0.0	0.0	0.0	0.0	0.0	0.0	0.0	0.0	0.0	0.0	0.0	0.0	0.0	0.0	0.0	0.0	0.0	0.0	0.0	0.0	0.0	0.0	0.0	0.0	0.0	0.0	0.0	0.0	0.0	0.0	0.0	0.0	0.0	0.0	0.0	0.0	0.0	0.0	0.0	0.0	0.0	0.0	0.0	0.0	0.0	0.0	0.0	0.0	0.0	0.0	0.0	0.0	0.0	0.0	0.0	0.0	0.00125	0.0	0.0	0.0	0.0	0.0	0.0	0.0	0.0	0.0	0.0	0.0	0.0	0.0	0.0
