method TP TN FP FN pearson best.model
KNN.bc                     49                         43                         22                         25                         0.323096641498631          k: 20                     
KNN.bc                     46                         40                         24                         27                         0.254646913737766          k: 10                     
KNN.bc                     45                         37                         27                         28                         0.194396991571188          k: 9                      
KNN.bc                     46                         38                         25                         27                         0.232906797864253          k: 7                      
KNN.bc                     48                         45                         18                         25                         0.370973953027967          k: 20                     
KNN.bc                     53                         39                         23                         20                         0.356718637049561          k: 19                     
KNN.bc                     46                         41                         21                         27                         0.290466240059732          k: 17                     
KNN.bc                     49                         32                         30                         24                         0.189509514191263          k: 15                     
KNN.bc                     48                         41                         21                         25                         0.31784292091251           k: 20                     
KNN.bc                     45                         36                         25                         28                         0.205978775856712          k: 7                      
KNN.l2                     50                         27                         38                         24                         0.0942703562280882         k: 5                      
KNN.l2                     51                         37                         27                         22                         0.27885202372406           k: 7                      
KNN.l2                     51                         26                         38                         22                         0.109680403870878          k: 11                     
KNN.l2                     51                         30                         33                         22                         0.17938372127471           k: 6                      
KNN.l2                     55                         28                         35                         18                         0.208549674802073          k: 13                     
KNN.l2                     53                         30                         32                         20                         0.216606689784313          k: 5                      
KNN.l2                     56                         36                         26                         17                         0.354897215750189          k: 8                      
KNN.l2                     53                         24                         38                         20                         0.120272309853813          k: 14                     
KNN.l2                     60                         31                         31                         13                         0.342259288001965          k: 14                     
KNN.l2                     44                         32                         29                         29                         0.127329889961823          k: 19                     
KNN.unifrac                39                         40                         25                         35                         0.142559910689605          k: 8                      
KNN.unifrac                47                         43                         21                         26                         0.315037027839875          k: 15                     
KNN.unifrac                42                         43                         21                         31                         0.247482464720871          k: 12                     
KNN.unifrac                37                         34                         29                         36                         0.0464259800865409         k: 17                     
KNN.unifrac                47                         38                         25                         26                         0.246768880796554          k: 9                      
KNN.unifrac                43                         48                         14                         30                         0.366488042367593          k: 18                     
KNN.unifrac                44                         42                         20                         29                         0.279603637709812          k: 16                     
KNN.unifrac                41                         34                         28                         32                         0.109692151499952          k: 11                     
KNN.unifrac                43                         45                         17                         30                         0.315755797058501          k: 19                     
KNN.unifrac                34                         40                         21                         39                         0.122991763082122          k: 14                     
RF.bc                      45                         41                         24                         29                         0.323096641498631                                    
RF.bc                      53                         44                         20                         20                         0.254646913737766                                    
RF.bc                      49                         37                         27                         24                         0.194396991571188                                    
RF.bc                      49                         32                         31                         24                         0.232906797864253                                    
RF.bc                      55                         32                         31                         18                         0.370973953027967                                    
RF.bc                      55                         38                         24                         18                         0.356718637049561                                    
RF.bc                      50                         38                         24                         23                         0.290466240059732                                    
RF.bc                      50                         36                         26                         23                         0.189509514191263                                    
RF.bc                      54                         38                         24                         19                         0.31784292091251                                     
RF.bc                      49                         33                         28                         24                         0.205978775856712                                    
RF.l2                      53                         41                         24                         21                         0.0942703562280882                                   
RF.l2                      47                         43                         21                         26                         0.27885202372406                                     
RF.l2                      55                         37                         27                         18                         0.109680403870878                                    
RF.l2                      55                         31                         32                         18                         0.17938372127471                                     
RF.l2                      57                         33                         30                         16                         0.208549674802073                                    
RF.l2                      57                         29                         33                         16                         0.216606689784313                                    
RF.l2                      55                         32                         30                         18                         0.354897215750189                                    
RF.l2                      48                         20                         42                         25                         0.120272309853813                                    
RF.l2                      57                         38                         24                         16                         0.342259288001965                                    
RF.l2                      53                         38                         23                         20                         0.127329889961823                                    
RF.otu                     62                         38                         27                         12                         0.0942703562280882                                   
RF.otu                     64                         37                         27                         9                          0.27885202372406                                     
RF.otu                     63                         37                         27                         10                         0.109680403870878                                    
RF.otu                     52                         35                         28                         21                         0.17938372127471                                     
RF.otu                     62                         34                         29                         11                         0.208549674802073                                    
RF.otu                     63                         31                         31                         10                         0.216606689784313                                    
RF.otu                     59                         30                         32                         14                         0.354897215750189                                    
RF.otu                     59                         25                         37                         14                         0.120272309853813                                    
RF.otu                     59                         31                         31                         14                         0.342259288001965                                    
RF.otu                     56                         39                         22                         17                         0.127329889961823                                    
RF.unifrac                 49                         37                         28                         25                         0.142559910689605                                    
RF.unifrac                 53                         44                         20                         20                         0.315037027839875                                    
RF.unifrac                 41                         41                         23                         32                         0.247482464720871                                    
RF.unifrac                 50                         31                         32                         23                         0.0464259800865409                                   
RF.unifrac                 50                         28                         35                         23                         0.246768880796554                                    
RF.unifrac                 52                         35                         27                         21                         0.366488042367593                                    
RF.unifrac                 58                         36                         26                         15                         0.279603637709812                                    
RF.unifrac                 54                         30                         32                         19                         0.109692151499952                                    
RF.unifrac                 46                         40                         22                         27                         0.315755797058501                                    
RF.unifrac                 42                         32                         29                         31                         0.122991763082122                                    
SVM.bc                     51                         39                         26                         23                         0.290277506939867          kernel: rbfdot C: 0.5     
SVM.bc                     53                         45                         19                         20                         0.4287854434546            kernel: rbfdot C: 1       
SVM.bc                     54                         37                         27                         19                         0.322580799280706          kernel: rbfdot C: 1       
SVM.bc                     47                         32                         31                         26                         0.153025011112585          kernel: rbfdot C: 1       
SVM.bc                     54                         38                         25                         19                         0.346536524201037          kernel: rbfdot C: 0.5     
SVM.bc                     52                         38                         24                         21                         0.326751607801465          kernel: rbfdot C: 1       
SVM.bc                     52                         34                         28                         21                         0.26442249225221           kernel: rbfdot C: 1       
SVM.bc                     50                         34                         28                         23                         0.235408377579184          kernel: rbfdot C: 4       
SVM.bc                     50                         37                         25                         23                         0.282518344736554          kernel: rbfdot C: 4       
SVM.bc                     46                         42                         19                         27                         0.317522733147741          kernel: rbfdot C: 2       
SVM.l2                     63                         28                         37                         11                         0.313310540607562          kernel: vanilladot C: 8   
SVM.l2                     62                         32                         32                         11                         0.375552435501606          kernel: vanilladot C: 8   
SVM.l2                     56                         26                         38                         17                         0.186395510267341          kernel: vanilladot C: 8   
SVM.l2                     61                         22                         41                         12                         0.212837268432832          kernel: vanilladot C: 8   
SVM.l2                     61                         22                         41                         12                         0.212837268432832          kernel: vanilladot C: 8   
SVM.l2                     66                         24                         38                         7                          0.345032987752603          kernel: vanilladot C: 8   
SVM.l2                     60                         23                         39                         13                         0.21736425210563           kernel: vanilladot C: 8   
SVM.l2                     56                         17                         45                         17                         0.047433392415551          kernel: vanilladot C: 8   
SVM.l2                     64                         25                         37                         9                          0.321380257703225          kernel: vanilladot C: 8   
SVM.l2                     59                         30                         31                         14                         0.318150432243596          kernel: vanilladot C: 8   
SVM.unifrac                56                         42                         23                         18                         0.405874777627388          kernel: vanilladot C: 1   
SVM.unifrac                55                         43                         21                         18                         0.426947757107956          kernel: vanilladot C: 0.25
SVM.unifrac                53                         37                         27                         20                         0.307864944083216          kernel: vanilladot C: 0.25
SVM.unifrac                54                         33                         30                         19                         0.27041426639919           kernel: vanilladot C: 0.5 
SVM.unifrac                59                         33                         30                         14                         0.348147595448063          kernel: vanilladot C: 0.25
SVM.unifrac                55                         38                         24                         18                         0.370526856756031          kernel: vanilladot C: 0.5 
SVM.unifrac                52                         37                         25                         21                         0.31117240775619           kernel: vanilladot C: 0.5 
SVM.unifrac                50                         30                         32                         23                         0.172262689220549          kernel: vanilladot C: 1   
SVM.unifrac                55                         33                         29                         18                         0.293640881400206          kernel: vanilladot C: 0.25
SVM.unifrac                52                         35                         26                         21                         0.288869550466842          kernel: vanilladot C: 0.25
