method TP TN FP FN pearson best.model
KNN.bc                  175                     86                      54                      62                      0.348958116439606       k: 1                   
KNN.bc                  160                     101                     69                      47                      0.374027407717709       k: 1                   
KNN.bc                  176                     87                      48                      66                      0.362925485720549       k: 1                   
KNN.bc                  172                     90                      62                      53                      0.360460092836877       k: 1                   
KNN.l2                  174                     80                      56                      67                      0.305446375946237       k: 1                   
KNN.l2                  170                     98                      50                      59                      0.400707701282332       k: 1                   
KNN.l2                  153                     93                      62                      69                      0.287440296844112       k: 1                   
KNN.l2                  163                     94                      65                      55                      0.342325776610712       k: 1                   
KNN.unifrac             183                     83                      58                      53                      0.366842703337112       k: 1                   
KNN.unifrac             170                     90                      58                      59                      0.35005329049443        k: 1                   
KNN.unifrac             165                     98                      54                      60                      0.375867582740965       k: 1                   
KNN.unifrac             162                     90                      68                      57                      0.312948528733732       k: 1                   
RF.bc                   204                     71                      69                      33                      0.348958116439606                              
RF.bc                   173                     72                      98                      34                      0.374027407717709                              
RF.bc                   203                     60                      75                      39                      0.362925485720549                              
RF.bc                   182                     73                      79                      43                      0.360460092836877                              
RF.l2                   189                     63                      73                      52                      0.305446375946237                              
RF.l2                   174                     53                      95                      55                      0.400707701282332                              
RF.l2                   176                     61                      94                      46                      0.287440296844112                              
RF.l2                   172                     56                      103                     46                      0.342325776610712                              
RF.otu                  214                     60                      81                      22                      0.305446375946237                              
RF.otu                  215                     41                      107                     14                      0.400707701282332                              
RF.otu                  209                     40                      120                     8                       0.287440296844112                              
RF.otu                  217                     40                      110                     10                      0.342325776610712                              
RF.unifrac              186                     66                      75                      50                      0.366842703337112                              
RF.unifrac              184                     67                      81                      45                      0.35005329049443                               
RF.unifrac              174                     74                      78                      51                      0.375867582740965                              
RF.unifrac              188                     63                      95                      31                      0.312948528733732                              
SVM.bc                  191                     63                      77                      46                      0.272734453427459       kernel: vanilladot C: 1
SVM.bc                  168                     64                      106                     39                      0.210001905607353       kernel: rbfdot C: 8    
SVM.bc                  198                     52                      83                      44                      0.223803193903732       kernel: rbfdot C: 8    
SVM.bc                  188                     66                      86                      37                      0.296965845616504       kernel: rbfdot C: 8    
SVM.l2                  186                     80                      56                      55                      0.360603107215516       kernel: vanilladot C: 8
SVM.l2                  193                     80                      68                      36                      0.405581525840812       kernel: vanilladot C: 8
SVM.l2                  176                     82                      73                      46                      0.334393267113245       kernel: vanilladot C: 4
SVM.l2                  177                     94                      65                      41                      0.415229578825634       kernel: vanilladot C: 8
SVM.unifrac             192                     72                      69                      44                      0.339880408600582       kernel: vanilladot C: 4
SVM.unifrac             177                     80                      68                      52                      0.320899806612181       kernel: vanilladot C: 4
SVM.unifrac             185                     76                      76                      40                      0.342467444609388       kernel: vanilladot C: 2
SVM.unifrac             170                     81                      77                      49                      0.299915518796238       kernel: vanilladot C: 8
