method TP TN FP FN pearson best.model
KNN.bc                     41                         74                         9                          63                         0.320824959346293          k: 16                     
KNN.bc                     47                         80                         21                         39                         0.350798053537894          k: 19                     
KNN.bc                     66                         70                         23                         28                         0.455336991215081          k: 20                     
KNN.bc                     58                         77                         21                         31                         0.442243112303462          k: 10                     
KNN.l2                     47                         85                         22                         33                         0.391572775328665          k: 15                     
KNN.l2                     53                         69                         15                         50                         0.347423218578736          k: 17                     
KNN.l2                     64                         72                         16                         35                         0.468753677728736          k: 15                     
KNN.l2                     48                         71                         26                         42                         0.271066814184944          k: 19                     
KNN.unifrac                57                         74                         15                         41                         0.423975784612998          k: 17                     
KNN.unifrac                47                         86                         14                         40                         0.425813033497687          k: 20                     
KNN.unifrac                46                         81                         20                         40                         0.35131747793699           k: 13                     
KNN.unifrac                62                         68                         18                         39                         0.407525662685723          k: 15                     
RF.bc                      64                         72                         11                         40                         0.320824959346293                                    
RF.bc                      61                         76                         25                         25                         0.350798053537894                                    
RF.bc                      75                         73                         20                         19                         0.455336991215081                                    
RF.bc                      73                         73                         25                         16                         0.442243112303462                                    
RF.l2                      52                         76                         31                         28                         0.391572775328665                                    
RF.l2                      67                         58                         26                         36                         0.347423218578736                                    
RF.l2                      68                         68                         20                         31                         0.468753677728736                                    
RF.l2                      66                         73                         24                         24                         0.271066814184944                                    
RF.otu                     68                         80                         13                         26                         0.391572775328665                                    
RF.otu                     78                         64                         22                         23                         0.347423218578736                                    
RF.otu                     69                         77                         21                         20                         0.468753677728736                                    
RF.otu                     68                         78                         21                         20                         0.271066814184944                                    
RF.unifrac                 72                         70                         19                         26                         0.423975784612998                                    
RF.unifrac                 60                         78                         22                         27                         0.425813033497687                                    
RF.unifrac                 58                         76                         25                         28                         0.35131747793699                                     
RF.unifrac                 73                         67                         19                         28                         0.407525662685723                                    
SVM.bc                     62                         65                         18                         42                         0.380878165682557          kernel: rbfdot C: 8       
SVM.bc                     57                         72                         29                         29                         0.375661984803131          kernel: rbfdot C: 8       
SVM.bc                     71                         70                         23                         23                         0.508007320979181          kernel: rbfdot C: 8       
SVM.bc                     69                         68                         30                         20                         0.469427632574245          kernel: vanilladot C: 1   
SVM.l2                     49                         90                         17                         31                         0.469640839046572          kernel: vanilladot C: 0.25
SVM.l2                     75                         64                         20                         28                         0.487586738308655          kernel: vanilladot C: 1   
SVM.l2                     73                         65                         23                         26                         0.475355791283622          kernel: rbfdot C: 8       
SVM.l2                     65                         73                         24                         25                         0.475017239914738          kernel: vanilladot C: 0.25
SVM.unifrac                74                         75                         14                         24                         0.598141660860732          kernel: vanilladot C: 2   
SVM.unifrac                63                         79                         21                         24                         0.515562138557933          kernel: vanilladot C: 0.5 
SVM.unifrac                59                         83                         18                         27                         0.514263190776077          kernel: vanilladot C: 1   
SVM.unifrac                74                         61                         25                         27                         0.441315586485363          kernel: vanilladot C: 2   
