method TP TN FP FN pearson best.model
KNN.bc                     108                        100                        74                         57                         0.229803035747143          k: 20                     
KNN.bc                     122                        97                         53                         67                         0.290382327135858          k: 20                     
KNN.bc                     130                        81                         70                         58                         0.230310895748121          k: 20                     
KNN.bc                     113                        104                        49                         73                         0.286181419402826          k: 6                      
KNN.l2                     101                        86                         75                         77                         0.101524095781225          k: 19                     
KNN.l2                     128                        68                         88                         55                         0.140303932051319          k: 13                     
KNN.l2                     118                        81                         82                         58                         0.170039422632018          k: 10                     
KNN.l2                     128                        75                         71                         65                         0.177917850978209          k: 4                      
KNN.unifrac                105                        98                         50                         86                         0.210962139119321          k: 17                     
KNN.unifrac                101                        97                         60                         81                         0.17252604548457           k: 8                      
KNN.unifrac                92                         107                        73                         67                         0.172789328562271          k: 10                     
KNN.unifrac                100                        96                         47                         96                         0.180901332777044          k: 14                     
RF.bc                      116                        98                         76                         49                         0.229803035747143                                    
RF.bc                      138                        90                         60                         51                         0.290382327135858                                    
RF.bc                      141                        67                         84                         47                         0.230310895748121                                    
RF.bc                      111                        98                         55                         75                         0.286181419402826                                    
RF.l2                      125                        90                         71                         53                         0.101524095781225                                    
RF.l2                      134                        86                         70                         49                         0.140303932051319                                    
RF.l2                      124                        92                         71                         52                         0.170039422632018                                    
RF.l2                      131                        70                         76                         62                         0.177917850978209                                    
RF.otu                     144                        94                         69                         32                         0.101524095781225                                    
RF.otu                     150                        87                         70                         32                         0.140303932051319                                    
RF.otu                     158                        72                         78                         31                         0.170039422632018                                    
RF.otu                     148                        85                         72                         34                         0.177917850978209                                    
RF.unifrac                 128                        87                         61                         63                         0.210962139119321                                    
RF.unifrac                 122                        87                         70                         60                         0.17252604548457                                     
RF.unifrac                 118                        95                         85                         41                         0.172789328562271                                    
RF.unifrac                 122                        79                         64                         74                         0.180901332777044                                    
SVM.bc                     113                        103                        71                         52                         0.277723005284249          kernel: rbfdot C: 2       
SVM.bc                     134                        88                         62                         55                         0.297354880145686          kernel: rbfdot C: 1       
SVM.bc                     140                        78                         73                         48                         0.268674994451249          kernel: rbfdot C: 4       
SVM.bc                     117                        103                        50                         69                         0.300832187108403          kernel: rbfdot C: 4       
SVM.l2                     149                        60                         101                        29                         0.238044845070045          kernel: vanilladot C: 8   
SVM.l2                     145                        58                         98                         38                         0.181583209029341          kernel: vanilladot C: 8   
SVM.l2                     148                        63                         100                        28                         0.256399562431506          kernel: vanilladot C: 8   
SVM.l2                     144                        65                         81                         49                         0.200525941782863          kernel: vanilladot C: 1   
SVM.unifrac                143                        94                         54                         48                         0.385837923459091          kernel: vanilladot C: 0.5 
SVM.unifrac                122                        100                        57                         60                         0.306918091439872          kernel: vanilladot C: 1   
SVM.unifrac                115                        98                         82                         44                         0.270788394703004          kernel: vanilladot C: 0.5 
SVM.unifrac                143                        96                         47                         53                         0.39891869695316           kernel: vanilladot C: 0.25
