method TP TN FP FN pearson best.model
KNN.bc                     16                         143                        7                          16                         0.519368722781092          k: 16                     
KNN.bc                     23                         132                        8                          19                         0.549714601008678          k: 14                     
KNN.bc                     24                         123                        14                         21                         0.45763095344916           k: 5                      
KNN.bc                     30                         124                        9                          19                         0.588683436707244          k: 5                      
KNN.l2                     23                         122                        8                          29                         0.457578777875432          k: 3                      
KNN.l2                     29                         130                        8                          15                         0.639502313376022          k: 1                      
KNN.l2                     21                         135                        8                          18                         0.540964369278663          k: 4                      
KNN.l2                     16                         143                        6                          17                         0.525446763976208          k: 4                      
KNN.unifrac                20                         122                        17                         23                         0.361839077347865          k: 8                      
KNN.unifrac                25                         125                        15                         17                         0.496614122689297          k: 15                     
KNN.unifrac                16                         137                        5                          24                         0.472816907184951          k: 17                     
KNN.unifrac                19                         131                        7                          25                         0.466281838317599          k: 16                     
RF.bc                      22                         139                        11                         10                         0.519368722781092                                    
RF.bc                      28                         135                        5                          14                         0.549714601008678                                    
RF.bc                      27                         127                        10                         18                         0.45763095344916                                     
RF.bc                      31                         126                        7                          18                         0.588683436707244                                    
RF.l2                      30                         115                        15                         22                         0.457578777875432                                    
RF.l2                      17                         130                        8                          27                         0.639502313376022                                    
RF.l2                      22                         126                        17                         17                         0.540964369278663                                    
RF.l2                      26                         136                        13                         7                          0.525446763976208                                    
RF.otu                     31                         135                        5                          11                         0.457578777875432                                    
RF.otu                     37                         130                        6                          9                          0.639502313376022                                    
RF.otu                     30                         134                        4                          14                         0.540964369278663                                    
RF.otu                     24                         136                        10                         12                         0.525446763976208                                    
RF.unifrac                 18                         129                        10                         25                         0.361839077347865                                    
RF.unifrac                 23                         132                        8                          19                         0.496614122689297                                    
RF.unifrac                 18                         134                        8                          22                         0.472816907184951                                    
RF.unifrac                 21                         134                        4                          23                         0.466281838317599                                    
SVM.bc                     22                         139                        11                         10                         0.606815626917141          kernel: rbfdot C: 4       
SVM.bc                     25                         133                        7                          17                         0.603467986815466          kernel: rbfdot C: 4       
SVM.bc                     28                         123                        14                         17                         0.532486147896902          kernel: rbfdot C: 8       
SVM.bc                     31                         125                        8                          18                         0.618872330897359          kernel: rbfdot C: 2       
SVM.l2                     25                         125                        5                          27                         0.538536841659474          kernel: vanilladot C: 2   
SVM.l2                     27                         134                        4                          17                         0.665875676547101          kernel: vanilladot C: 4   
SVM.l2                     26                         135                        8                          13                         0.64294526925779           kernel: vanilladot C: 8   
SVM.l2                     26                         144                        5                          7                          0.773103089150875          kernel: vanilladot C: 4   
SVM.unifrac                25                         128                        11                         18                         0.535601003106992          kernel: vanilladot C: 0.5 
SVM.unifrac                29                         131                        9                          13                         0.649115645211005          kernel: vanilladot C: 0.5 
SVM.unifrac                24                         131                        11                         16                         0.549031217998291          kernel: vanilladot C: 0.25
SVM.unifrac                31                         131                        7                          13                         0.688734092130006          kernel: vanilladot C: 1   
